table,table_title,year,measure,age,sex,indigenous_status,remoteness,year_dollars,description1,description2,description3,description4,uncertainty,data_source,unit,jurisdiction,value
11A.1,"Ambulance service organisations' revenue, 2024-25 dollars",2024-25,Revenue sources,All ages,All people,All people,All areas,2024-25 dollars,Ambulance service organisations,Revenue sources,Government grants,,,Derived from CAA (unpublished); ABS Australian National Accounts: National Income Expenditure and Product,$m,SA,412.6
11A.1,"Ambulance service organisations' revenue, 2024-25 dollars",2024-25,Revenue sources,All ages,All people,All people,All areas,2024-25 dollars,Ambulance service organisations,Revenue sources,Transport fees,,,Derived from CAA (unpublished); ABS Australian National Accounts: National Income Expenditure and Product,$m,SA,157.8
11A.1,"Ambulance service organisations' revenue, 2024-25 dollars",2024-25,Revenue sources,All ages,All people,All people,All areas,2024-25 dollars,Ambulance service organisations,Revenue sources,Subscriptions and other income,,,Derived from CAA (unpublished); ABS Australian National Accounts: National Income Expenditure and Product,$m,SA,42.4
11A.1,"Ambulance service organisations' revenue, 2024-25 dollars",2024-25,Revenue sources,All ages,All people,All people,All areas,2024-25 dollars,Ambulance service organisations,Revenue sources,Total revenue,,,Derived from CAA (unpublished); ABS Australian National Accounts: National Income Expenditure and Product,$m,SA,612.8
11A.1,"Ambulance service organisations' revenue, 2024-25 dollars",2024-25,Revenue sources,All ages,All people,All people,All areas,,Ambulance service organisations,Revenue sources,Total revenue,Average annual growth rate from 2020-21 to 2024-25,,Derived from CAA (unpublished); ABS Australian National Accounts: National Income Expenditure and Product,%,SA,9.5
11A.1,"Ambulance service organisations' revenue, 2024-25 dollars",2024-25,Revenue sources,All ages,All people,All people,All areas,2024-25 dollars,Ambulance service organisations,Revenue sources,Total revenue,Per person in the population,,Derived from CAA (unpublished); ABS Australian National Accounts: National Income Expenditure and Product; ABS National state and territory population - December,$,SA,323.93
11A.1,"Ambulance service organisations' revenue, 2024-25 dollars",2023-24,Revenue sources,All ages,All people,All people,All areas,2024-25 dollars,Ambulance service organisations,Revenue sources,Government grants,,,Derived from CAA (unpublished); ABS Australian National Accounts: National Income Expenditure and Product,$m,SA,322.4
11A.1,"Ambulance service organisations' revenue, 2024-25 dollars",2023-24,Revenue sources,All ages,All people,All people,All areas,2024-25 dollars,Ambulance service organisations,Revenue sources,Transport fees,,,Derived from CAA (unpublished); ABS Australian National Accounts: National Income Expenditure and Product,$m,SA,134.3
11A.1,"Ambulance service organisations' revenue, 2024-25 dollars",2023-24,Revenue sources,All ages,All people,All people,All areas,2024-25 dollars,Ambulance service organisations,Revenue sources,Subscriptions and other income,,,Derived from CAA (unpublished); ABS Australian National Accounts: National Income Expenditure and Product,$m,SA,44.3
11A.1,"Ambulance service organisations' revenue, 2024-25 dollars",2023-24,Revenue sources,All ages,All people,All people,All areas,2024-25 dollars,Ambulance service organisations,Revenue sources,Total revenue,,,Derived from CAA (unpublished); ABS Australian National Accounts: National Income Expenditure and Product,$m,SA,500.9
11A.1,"Ambulance service organisations' revenue, 2024-25 dollars",2023-24,Revenue sources,All ages,All people,All people,All areas,2024-25 dollars,Ambulance service organisations,Revenue sources,Total revenue,Per person in the population,,Derived from CAA (unpublished); ABS Australian National Accounts: National Income Expenditure and Product; ABS National state and territory population - December,$,SA,268.39
11A.1,"Ambulance service organisations' revenue, 2024-25 dollars",2022-23,Revenue sources,All ages,All people,All people,All areas,2024-25 dollars,Ambulance service organisations,Revenue sources,Government grants,,,Derived from CAA (unpublished); ABS Australian National Accounts: National Income Expenditure and Product,$m,SA,343.6
11A.1,"Ambulance service organisations' revenue, 2024-25 dollars",2022-23,Revenue sources,All ages,All people,All people,All areas,2024-25 dollars,Ambulance service organisations,Revenue sources,Transport fees,,,Derived from CAA (unpublished); ABS Australian National Accounts: National Income Expenditure and Product,$m,SA,134.8
11A.1,"Ambulance service organisations' revenue, 2024-25 dollars",2022-23,Revenue sources,All ages,All people,All people,All areas,2024-25 dollars,Ambulance service organisations,Revenue sources,Subscriptions and other income,,,Derived from CAA (unpublished); ABS Australian National Accounts: National Income Expenditure and Product,$m,SA,46.3
11A.1,"Ambulance service organisations' revenue, 2024-25 dollars",2022-23,Revenue sources,All ages,All people,All people,All areas,2024-25 dollars,Ambulance service organisations,Revenue sources,Total revenue,,,Derived from CAA (unpublished); ABS Australian National Accounts: National Income Expenditure and Product,$m,SA,524.7
11A.1,"Ambulance service organisations' revenue, 2024-25 dollars",2022-23,Revenue sources,All ages,All people,All people,All areas,2024-25 dollars,Ambulance service organisations,Revenue sources,Total revenue,Per person in the population,,Derived from CAA (unpublished); ABS Australian National Accounts: National Income Expenditure and Product; ABS National state and territory population - December,$,SA,286.03
11A.1,"Ambulance service organisations' revenue, 2024-25 dollars",2021-22,Revenue sources,All ages,All people,All people,All areas,2024-25 dollars,Ambulance service organisations,Revenue sources,Government grants,,,Derived from CAA (unpublished); ABS Australian National Accounts: National Income Expenditure and Product,$m,SA,226.0
11A.1,"Ambulance service organisations' revenue, 2024-25 dollars",2021-22,Revenue sources,All ages,All people,All people,All areas,2024-25 dollars,Ambulance service organisations,Revenue sources,Transport fees,,,Derived from CAA (unpublished); ABS Australian National Accounts: National Income Expenditure and Product,$m,SA,141.5
11A.1,"Ambulance service organisations' revenue, 2024-25 dollars",2021-22,Revenue sources,All ages,All people,All people,All areas,2024-25 dollars,Ambulance service organisations,Revenue sources,Subscriptions and other income,,,Derived from CAA (unpublished); ABS Australian National Accounts: National Income Expenditure and Product,$m,SA,49.1
11A.1,"Ambulance service organisations' revenue, 2024-25 dollars",2021-22,Revenue sources,All ages,All people,All people,All areas,2024-25 dollars,Ambulance service organisations,Revenue sources,Total revenue,,,Derived from CAA (unpublished); ABS Australian National Accounts: National Income Expenditure and Product,$m,SA,416.5
11A.1,"Ambulance service organisations' revenue, 2024-25 dollars",2021-22,Revenue sources,All ages,All people,All people,All areas,2024-25 dollars,Ambulance service organisations,Revenue sources,Total revenue,Per person in the population,,Derived from CAA (unpublished); ABS Australian National Accounts: National Income Expenditure and Product; ABS National state and territory population - December,$,SA,230.57
11A.1,"Ambulance service organisations' revenue, 2024-25 dollars",2020-21,Revenue sources,All ages,All people,All people,All areas,2024-25 dollars,Ambulance service organisations,Revenue sources,Government grants,,,Derived from CAA (unpublished); ABS Australian National Accounts: National Income Expenditure and Product,$m,SA,226.9
11A.1,"Ambulance service organisations' revenue, 2024-25 dollars",2020-21,Revenue sources,All ages,All people,All people,All areas,2024-25 dollars,Ambulance service organisations,Revenue sources,Transport fees,,,Derived from CAA (unpublished); ABS Australian National Accounts: National Income Expenditure and Product,$m,SA,146.5
11A.1,"Ambulance service organisations' revenue, 2024-25 dollars",2020-21,Revenue sources,All ages,All people,All people,All areas,2024-25 dollars,Ambulance service organisations,Revenue sources,Subscriptions and other income,,,Derived from CAA (unpublished); ABS Australian National Accounts: National Income Expenditure and Product,$m,SA,52.4
11A.1,"Ambulance service organisations' revenue, 2024-25 dollars",2020-21,Revenue sources,All ages,All people,All people,All areas,2024-25 dollars,Ambulance service organisations,Revenue sources,Total revenue,,,Derived from CAA (unpublished); ABS Australian National Accounts: National Income Expenditure and Product,$m,SA,425.8
11A.1,"Ambulance service organisations' revenue, 2024-25 dollars",2020-21,Revenue sources,All ages,All people,All people,All areas,2024-25 dollars,Ambulance service organisations,Revenue sources,Total revenue,Per person in the population,,Derived from CAA (unpublished); ABS Australian National Accounts: National Income Expenditure and Product; ABS National state and territory population - December,$,SA,237.29
11A.1,"Ambulance service organisations' revenue, 2024-25 dollars",2019-20,Revenue sources,All ages,All people,All people,All areas,2024-25 dollars,Ambulance service organisations,Revenue sources,Government grants,,,Derived from CAA (unpublished); ABS Australian National Accounts: National Income Expenditure and Product,$m,SA,189.7
11A.1,"Ambulance service organisations' revenue, 2024-25 dollars",2019-20,Revenue sources,All ages,All people,All people,All areas,2024-25 dollars,Ambulance service organisations,Revenue sources,Transport fees,,,Derived from CAA (unpublished); ABS Australian National Accounts: National Income Expenditure and Product,$m,SA,138.5
11A.1,"Ambulance service organisations' revenue, 2024-25 dollars",2019-20,Revenue sources,All ages,All people,All people,All areas,2024-25 dollars,Ambulance service organisations,Revenue sources,Subscriptions and other income,,,Derived from CAA (unpublished); ABS Australian National Accounts: National Income Expenditure and Product,$m,SA,48.7
11A.1,"Ambulance service organisations' revenue, 2024-25 dollars",2019-20,Revenue sources,All ages,All people,All people,All areas,2024-25 dollars,Ambulance service organisations,Revenue sources,Total revenue,,,Derived from CAA (unpublished); ABS Australian National Accounts: National Income Expenditure and Product,$m,SA,376.9
11A.1,"Ambulance service organisations' revenue, 2024-25 dollars",2019-20,Revenue sources,All ages,All people,All people,All areas,2024-25 dollars,Ambulance service organisations,Revenue sources,Total revenue,Per person in the population,,Derived from CAA (unpublished); ABS Australian National Accounts: National Income Expenditure and Product; ABS National state and territory population - December,$,SA,211.87
11A.1,"Ambulance service organisations' revenue, 2024-25 dollars",2018-19,Revenue sources,All ages,All people,All people,All areas,2024-25 dollars,Ambulance service organisations,Revenue sources,Government grants,,,Derived from CAA (unpublished); ABS Australian National Accounts: National Income Expenditure and Product,$m,SA,198.2
11A.1,"Ambulance service organisations' revenue, 2024-25 dollars",2018-19,Revenue sources,All ages,All people,All people,All areas,2024-25 dollars,Ambulance service organisations,Revenue sources,Transport fees,,,Derived from CAA (unpublished); ABS Australian National Accounts: National Income Expenditure and Product,$m,SA,132.9
11A.1,"Ambulance service organisations' revenue, 2024-25 dollars",2018-19,Revenue sources,All ages,All people,All people,All areas,2024-25 dollars,Ambulance service organisations,Revenue sources,Subscriptions and other income,,,Derived from CAA (unpublished); ABS Australian National Accounts: National Income Expenditure and Product,$m,SA,47.5
11A.1,"Ambulance service organisations' revenue, 2024-25 dollars",2018-19,Revenue sources,All ages,All people,All people,All areas,2024-25 dollars,Ambulance service organisations,Revenue sources,Total revenue,,,Derived from CAA (unpublished); ABS Australian National Accounts: National Income Expenditure and Product,$m,SA,378.7
11A.1,"Ambulance service organisations' revenue, 2024-25 dollars",2018-19,Revenue sources,All ages,All people,All people,All areas,2024-25 dollars,Ambulance service organisations,Revenue sources,Total revenue,Per person in the population,,Derived from CAA (unpublished); ABS Australian National Accounts: National Income Expenditure and Product; ABS National state and territory population - December,$,SA,215.68
11A.1,"Ambulance service organisations' revenue, 2024-25 dollars",2017-18,Revenue sources,All ages,All people,All people,All areas,2024-25 dollars,Ambulance service organisations,Revenue sources,Government grants,,,Derived from CAA (unpublished); ABS Australian National Accounts: National Income Expenditure and Product,$m,SA,203.8
11A.1,"Ambulance service organisations' revenue, 2024-25 dollars",2017-18,Revenue sources,All ages,All people,All people,All areas,2024-25 dollars,Ambulance service organisations,Revenue sources,Transport fees,,,Derived from CAA (unpublished); ABS Australian National Accounts: National Income Expenditure and Product,$m,SA,125.5
11A.1,"Ambulance service organisations' revenue, 2024-25 dollars",2017-18,Revenue sources,All ages,All people,All people,All areas,2024-25 dollars,Ambulance service organisations,Revenue sources,Subscriptions and other income,,,Derived from CAA (unpublished); ABS Australian National Accounts: National Income Expenditure and Product,$m,SA,47.8
11A.1,"Ambulance service organisations' revenue, 2024-25 dollars",2017-18,Revenue sources,All ages,All people,All people,All areas,2024-25 dollars,Ambulance service organisations,Revenue sources,Total revenue,,,Derived from CAA (unpublished); ABS Australian National Accounts: National Income Expenditure and Product,$m,SA,377.1
11A.1,"Ambulance service organisations' revenue, 2024-25 dollars",2017-18,Revenue sources,All ages,All people,All people,All areas,2024-25 dollars,Ambulance service organisations,Revenue sources,Total revenue,Per person in the population,,Derived from CAA (unpublished); ABS Australian National Accounts: National Income Expenditure and Product; ABS National state and territory population - December,$,SA,217.25
11A.1,"Ambulance service organisations' revenue, 2024-25 dollars",2016-17,Revenue sources,All ages,All people,All people,All areas,2024-25 dollars,Ambulance service organisations,Revenue sources,Government grants,,,Derived from CAA (unpublished); ABS Australian National Accounts: National Income Expenditure and Product,$m,SA,187.3
11A.1,"Ambulance service organisations' revenue, 2024-25 dollars",2016-17,Revenue sources,All ages,All people,All people,All areas,2024-25 dollars,Ambulance service organisations,Revenue sources,Transport fees,,,Derived from CAA (unpublished); ABS Australian National Accounts: National Income Expenditure and Product,$m,SA,127.0
11A.1,"Ambulance service organisations' revenue, 2024-25 dollars",2016-17,Revenue sources,All ages,All people,All people,All areas,2024-25 dollars,Ambulance service organisations,Revenue sources,Subscriptions and other income,,,Derived from CAA (unpublished); ABS Australian National Accounts: National Income Expenditure and Product,$m,SA,42.4
11A.1,"Ambulance service organisations' revenue, 2024-25 dollars",2016-17,Revenue sources,All ages,All people,All people,All areas,2024-25 dollars,Ambulance service organisations,Revenue sources,Total revenue,,,Derived from CAA (unpublished); ABS Australian National Accounts: National Income Expenditure and Product,$m,SA,356.7
11A.1,"Ambulance service organisations' revenue, 2024-25 dollars",2016-17,Revenue sources,All ages,All people,All people,All areas,2024-25 dollars,Ambulance service organisations,Revenue sources,Total revenue,Per person in the population,,Derived from CAA (unpublished); ABS Australian National Accounts: National Income Expenditure and Product; ABS National state and territory population - December,$,SA,207.41
11A.1,"Ambulance service organisations' revenue, 2024-25 dollars",2015-16,Revenue sources,All ages,All people,All people,All areas,2024-25 dollars,Ambulance service organisations,Revenue sources,Government grants,,,Derived from CAA (unpublished); ABS Australian National Accounts: National Income Expenditure and Product,$m,SA,161.8
11A.1,"Ambulance service organisations' revenue, 2024-25 dollars",2015-16,Revenue sources,All ages,All people,All people,All areas,2024-25 dollars,Ambulance service organisations,Revenue sources,Transport fees,,,Derived from CAA (unpublished); ABS Australian National Accounts: National Income Expenditure and Product,$m,SA,121.6
11A.1,"Ambulance service organisations' revenue, 2024-25 dollars",2015-16,Revenue sources,All ages,All people,All people,All areas,2024-25 dollars,Ambulance service organisations,Revenue sources,Subscriptions and other income,,,Derived from CAA (unpublished); ABS Australian National Accounts: National Income Expenditure and Product,$m,SA,47.3
11A.1,"Ambulance service organisations' revenue, 2024-25 dollars",2015-16,Revenue sources,All ages,All people,All people,All areas,2024-25 dollars,Ambulance service organisations,Revenue sources,Total revenue,,,Derived from CAA (unpublished); ABS Australian National Accounts: National Income Expenditure and Product,$m,SA,330.7
11A.1,"Ambulance service organisations' revenue, 2024-25 dollars",2015-16,Revenue sources,All ages,All people,All people,All areas,2024-25 dollars,Ambulance service organisations,Revenue sources,Total revenue,Per person in the population,,Derived from CAA (unpublished); ABS Australian National Accounts: National Income Expenditure and Product; ABS National state and territory population - December,$,SA,193.82
11A.2,Ambulance service organisations' human resources,2024-25,Human resources,All ages,All people,All people,All areas,,Salaried personnel (FTE),Ambulance operatives,Patient transport officers,,,CAA (unpublished),no.,SA,88
11A.2,Ambulance service organisations' human resources,2024-25,Human resources,All ages,All people,All people,All areas,,Salaried personnel (FTE),Ambulance operatives,Students and base level ambulance officers,,,CAA (unpublished),no.,SA,168
11A.2,Ambulance service organisations' human resources,2024-25,Human resources,All ages,All people,All people,All areas,,Salaried personnel (FTE),Ambulance operatives,Qualified ambulance officers,,,CAA (unpublished),no.,SA,1238
11A.2,Ambulance service organisations' human resources,2024-25,Human resources,All ages,All people,All people,All areas,,Salaried personnel (FTE),Ambulance operatives,Clinical other,,,CAA (unpublished),no.,SA,62
11A.2,Ambulance service organisations' human resources,2024-25,Human resources,All ages,All people,All people,All areas,,Salaried personnel (FTE),Ambulance operatives,Communications operatives,,,CAA (unpublished),no.,SA,172
11A.2,Ambulance service organisations' human resources,2024-25,Human resources,All ages,All people,All people,All areas,,Salaried personnel (FTE),Ambulance operatives,Total,,,Derived from CAA (unpublished),no.,SA,1728
11A.2,Ambulance service organisations' human resources,2024-25,Human resources,All ages,All people,All people,All areas,,Salaried personnel (FTE),Ambulance operatives,Proportion of total salaried personnel,,,Derived from CAA (unpublished),%,SA,79.1
11A.2,Ambulance service organisations' human resources,2024-25,Human resources,All ages,All people,All people,All areas,,Salaried personnel (FTE),Ambulance operatives,Students and base level ambulance officers,Per 100000 people,,Derived from CAA (unpublished); ABS National state and territory population - December,rate,SA,8.9
11A.2,Ambulance service organisations' human resources,2024-25,Human resources,All ages,All people,All people,All areas,,Salaried personnel (FTE),Ambulance operatives,Qualified ambulance officers,Per 100000 people,,Derived from CAA (unpublished); ABS National state and territory population - December,rate,SA,65.5
11A.2,Ambulance service organisations' human resources,2024-25,Human resources,All ages,All people,All people,All areas,,Salaried personnel (FTE),Ambulance operatives,Total,Per 100000 people,,Derived from CAA (unpublished); ABS National state and territory population - December,rate,SA,74.3
11A.2,Ambulance service organisations' human resources,2024-25,Human resources,All ages,All people,All people,All areas,,Salaried personnel (FTE),Operational support personnel,,,,CAA (unpublished),no.,SA,233
11A.2,Ambulance service organisations' human resources,2024-25,Human resources,All ages,All people,All people,All areas,,Salaried personnel (FTE),Corporate support personnel,,,,CAA (unpublished),no.,SA,222
11A.2,Ambulance service organisations' human resources,2024-25,Human resources,All ages,All people,All people,All areas,,Salaried personnel (FTE),Total ambulance service workforce,,,,Derived from CAA (unpublished),no.,SA,2184
11A.2,Ambulance service organisations' human resources,2024-25,Human resources,All ages,Males,All people,All areas,,Salaried personnel by gender (headcount),Total,,,,CAA (unpublished),no.,SA,1170
11A.2,Ambulance service organisations' human resources,2024-25,Human resources,All ages,Females,All people,All areas,,Salaried personnel by gender (headcount),Total,,,,CAA (unpublished),no.,SA,1489
11A.2,Ambulance service organisations' human resources,2024-25,Human resources,All ages,Other,All people,All areas,,Salaried personnel by gender (headcount),Total,,,,CAA (unpublished),no.,SA,4
11A.2,Ambulance service organisations' human resources,2024-25,Human resources,All ages,All people,All people,All areas,,Salaried personnel by gender (headcount),Total,,,,CAA (unpublished),no.,SA,2663
11A.2,Ambulance service organisations' human resources,2024-25,Human resources,All ages,All people,All people,All areas,,Volunteers (headcount),Ambulance operatives,,,,Derived from CAA (unpublished),no.,SA,1050
11A.2,Ambulance service organisations' human resources,2024-25,Human resources,All ages,All people,All people,All areas,,Volunteers (headcount),Operational / corporate support,,,,CAA (unpublished),no.,SA,166
11A.2,Ambulance service organisations' human resources,2024-25,Human resources,All ages,All people,All people,All areas,,Volunteers (headcount),Total,,,,Derived from CAA (unpublished),no.,SA,1216
11A.2,Ambulance service organisations' human resources,2024-25,Human resources,All ages,Males,All people,All areas,,Volunteers by gender (headcount),Total,,,,CAA (unpublished),no.,SA,433
11A.2,Ambulance service organisations' human resources,2024-25,Human resources,All ages,Females,All people,All areas,,Volunteers by gender (headcount),Total,,,,CAA (unpublished),no.,SA,740
11A.2,Ambulance service organisations' human resources,2024-25,Human resources,All ages,Other,All people,All areas,,Volunteers by gender (headcount),Total,,,,CAA (unpublished),no.,SA,8
11A.2,Ambulance service organisations' human resources,2024-25,Human resources,All ages,All people,All people,All areas,,Volunteers by gender (headcount),Total,,,,CAA (unpublished),no.,SA,1181
11A.2,Ambulance service organisations' human resources,2024-25,Human resources,All ages,All people,All people,All areas,,Community first responders,,,,,CAA (unpublished),no.,SA,35
11A.2,Ambulance service organisations' human resources,2023-24,Human resources,All ages,All people,All people,All areas,,Salaried personnel (FTE),Ambulance operatives,Patient transport officers,,,CAA (unpublished),no.,SA,70
11A.2,Ambulance service organisations' human resources,2023-24,Human resources,All ages,All people,All people,All areas,,Salaried personnel (FTE),Ambulance operatives,Students and base level ambulance officers,,,CAA (unpublished),no.,SA,193
11A.2,Ambulance service organisations' human resources,2023-24,Human resources,All ages,All people,All people,All areas,,Salaried personnel (FTE),Ambulance operatives,Qualified ambulance officers,,,CAA (unpublished),no.,SA,1114
11A.2,Ambulance service organisations' human resources,2023-24,Human resources,All ages,All people,All people,All areas,,Salaried personnel (FTE),Ambulance operatives,Clinical other,,,CAA (unpublished),no.,SA,67
11A.2,Ambulance service organisations' human resources,2023-24,Human resources,All ages,All people,All people,All areas,,Salaried personnel (FTE),Ambulance operatives,Communications operatives,,,CAA (unpublished),no.,SA,162
11A.2,Ambulance service organisations' human resources,2023-24,Human resources,All ages,All people,All people,All areas,,Salaried personnel (FTE),Ambulance operatives,Total,,,Derived from CAA (unpublished),no.,SA,1606
11A.2,Ambulance service organisations' human resources,2023-24,Human resources,All ages,All people,All people,All areas,,Salaried personnel (FTE),Ambulance operatives,Proportion of total salaried personnel,,,Derived from CAA (unpublished),%,SA,78.4
11A.2,Ambulance service organisations' human resources,2023-24,Human resources,All ages,All people,All people,All areas,,Salaried personnel (FTE),Ambulance operatives,Students and base level ambulance officers,Per 100000 people,,Derived from CAA (unpublished); ABS National state and territory population - December,rate,SA,10.3
11A.2,Ambulance service organisations' human resources,2023-24,Human resources,All ages,All people,All people,All areas,,Salaried personnel (FTE),Ambulance operatives,Qualified ambulance officers,Per 100000 people,,Derived from CAA (unpublished); ABS National state and territory population - December,rate,SA,59.7
11A.2,Ambulance service organisations' human resources,2023-24,Human resources,All ages,All people,All people,All areas,,Salaried personnel (FTE),Ambulance operatives,Total,Per 100000 people,,Derived from CAA (unpublished); ABS National state and territory population - December,rate,SA,70.0
11A.2,Ambulance service organisations' human resources,2023-24,Human resources,All ages,All people,All people,All areas,,Salaried personnel (FTE),Operational support personnel,,,,CAA (unpublished),no.,SA,225
11A.2,Ambulance service organisations' human resources,2023-24,Human resources,All ages,All people,All people,All areas,,Salaried personnel (FTE),Corporate support personnel,,,,CAA (unpublished),no.,SA,219
11A.2,Ambulance service organisations' human resources,2023-24,Human resources,All ages,All people,All people,All areas,,Salaried personnel (FTE),Total ambulance service workforce,,,,Derived from CAA (unpublished),no.,SA,2049
11A.2,Ambulance service organisations' human resources,2023-24,Human resources,All ages,Males,All people,All areas,,Salaried personnel by gender (headcount),Total,,,,CAA (unpublished),no.,SA,1147
11A.2,Ambulance service organisations' human resources,2023-24,Human resources,All ages,Females,All people,All areas,,Salaried personnel by gender (headcount),Total,,,,CAA (unpublished),no.,SA,1382
11A.2,Ambulance service organisations' human resources,2023-24,Human resources,All ages,Other,All people,All areas,,Salaried personnel by gender (headcount),Total,,,,CAA (unpublished),no.,SA,4
11A.2,Ambulance service organisations' human resources,2023-24,Human resources,All ages,All people,All people,All areas,,Salaried personnel by gender (headcount),Total,,,,CAA (unpublished),no.,SA,2533
11A.2,Ambulance service organisations' human resources,2023-24,Human resources,All ages,All people,All people,All areas,,Volunteers (headcount),Ambulance operatives,,,,Derived from CAA (unpublished),no.,SA,972
11A.2,Ambulance service organisations' human resources,2023-24,Human resources,All ages,All people,All people,All areas,,Volunteers (headcount),Operational / corporate support,,,,CAA (unpublished),no.,SA,173
11A.2,Ambulance service organisations' human resources,2023-24,Human resources,All ages,All people,All people,All areas,,Volunteers (headcount),Total,,,,Derived from CAA (unpublished),no.,SA,1145
11A.2,Ambulance service organisations' human resources,2023-24,Human resources,All ages,Males,All people,All areas,,Volunteers by gender (headcount),Total,,,,CAA (unpublished),no.,SA,420
11A.2,Ambulance service organisations' human resources,2023-24,Human resources,All ages,Females,All people,All areas,,Volunteers by gender (headcount),Total,,,,CAA (unpublished),no.,SA,748
11A.2,Ambulance service organisations' human resources,2023-24,Human resources,All ages,Other,All people,All areas,,Volunteers by gender (headcount),Total,,,,CAA (unpublished),no.,SA,5
11A.2,Ambulance service organisations' human resources,2023-24,Human resources,All ages,All people,All people,All areas,,Volunteers by gender (headcount),Total,,,,CAA (unpublished),no.,SA,1173
11A.2,Ambulance service organisations' human resources,2023-24,Human resources,All ages,All people,All people,All areas,,Community first responders,,,,,CAA (unpublished),no.,SA,49
11A.2,Ambulance service organisations' human resources,2022-23,Human resources,All ages,All people,All people,All areas,,Salaried personnel (FTE),Ambulance operatives,Patient transport officers,,,CAA (unpublished),no.,SA,66
11A.2,Ambulance service organisations' human resources,2022-23,Human resources,All ages,All people,All people,All areas,,Salaried personnel (FTE),Ambulance operatives,Students and base level ambulance officers,,,CAA (unpublished),no.,SA,197
11A.2,Ambulance service organisations' human resources,2022-23,Human resources,All ages,All people,All people,All areas,,Salaried personnel (FTE),Ambulance operatives,Qualified ambulance officers,,,CAA (unpublished),no.,SA,1056
11A.2,Ambulance service organisations' human resources,2022-23,Human resources,All ages,All people,All people,All areas,,Salaried personnel (FTE),Ambulance operatives,Clinical other,,,CAA (unpublished),no.,SA,64
11A.2,Ambulance service organisations' human resources,2022-23,Human resources,All ages,All people,All people,All areas,,Salaried personnel (FTE),Ambulance operatives,Communications operatives,,,CAA (unpublished),no.,SA,151
11A.2,Ambulance service organisations' human resources,2022-23,Human resources,All ages,All people,All people,All areas,,Salaried personnel (FTE),Ambulance operatives,Total,,,Derived from CAA (unpublished),no.,SA,1534
11A.2,Ambulance service organisations' human resources,2022-23,Human resources,All ages,All people,All people,All areas,,Salaried personnel (FTE),Ambulance operatives,Proportion of total salaried personnel,,,Derived from CAA (unpublished),%,SA,78.4
11A.2,Ambulance service organisations' human resources,2022-23,Human resources,All ages,All people,All people,All areas,,Salaried personnel (FTE),Ambulance operatives,Students and base level ambulance officers,Per 100000 people,,Derived from CAA (unpublished); ABS National state and territory population - December,rate,SA,10.7
11A.2,Ambulance service organisations' human resources,2022-23,Human resources,All ages,All people,All people,All areas,,Salaried personnel (FTE),Ambulance operatives,Qualified ambulance officers,Per 100000 people,,Derived from CAA (unpublished); ABS National state and territory population - December,rate,SA,57.6
11A.2,Ambulance service organisations' human resources,2022-23,Human resources,All ages,All people,All people,All areas,,Salaried personnel (FTE),Ambulance operatives,Total,Per 100000 people,,Derived from CAA (unpublished); ABS National state and territory population - December,rate,SA,68.3
11A.2,Ambulance service organisations' human resources,2022-23,Human resources,All ages,All people,All people,All areas,,Salaried personnel (FTE),Operational support personnel,,,,CAA (unpublished),no.,SA,209
11A.2,Ambulance service organisations' human resources,2022-23,Human resources,All ages,All people,All people,All areas,,Salaried personnel (FTE),Corporate support personnel,,,,CAA (unpublished),no.,SA,213
11A.2,Ambulance service organisations' human resources,2022-23,Human resources,All ages,All people,All people,All areas,,Salaried personnel (FTE),Total ambulance service workforce,,,,Derived from CAA (unpublished),no.,SA,1956
11A.2,Ambulance service organisations' human resources,2022-23,Human resources,All ages,Males,All people,All areas,,Salaried personnel by gender (headcount),Total,,,,CAA (unpublished),no.,SA,1230
11A.2,Ambulance service organisations' human resources,2022-23,Human resources,All ages,Females,All people,All areas,,Salaried personnel by gender (headcount),Total,,,,CAA (unpublished),no.,SA,1496
11A.2,Ambulance service organisations' human resources,2022-23,Human resources,All ages,Other,All people,All areas,,Salaried personnel by gender (headcount),Total,,,,CAA (unpublished),no.,SA,2
11A.2,Ambulance service organisations' human resources,2022-23,Human resources,All ages,All people,All people,All areas,,Salaried personnel by gender (headcount),Total,,,,CAA (unpublished),no.,SA,2728
11A.2,Ambulance service organisations' human resources,2022-23,Human resources,All ages,All people,All people,All areas,,Volunteers (headcount),Ambulance operatives,,,,Derived from CAA (unpublished),no.,SA,1050
11A.2,Ambulance service organisations' human resources,2022-23,Human resources,All ages,All people,All people,All areas,,Volunteers (headcount),Operational / corporate support,,,,CAA (unpublished),no.,SA,153
11A.2,Ambulance service organisations' human resources,2022-23,Human resources,All ages,All people,All people,All areas,,Volunteers (headcount),Total,,,,Derived from CAA (unpublished),no.,SA,1203
11A.2,Ambulance service organisations' human resources,2022-23,Human resources,All ages,Males,All people,All areas,,Volunteers by gender (headcount),Total,,,,CAA (unpublished),no.,SA,461
11A.2,Ambulance service organisations' human resources,2022-23,Human resources,All ages,Females,All people,All areas,,Volunteers by gender (headcount),Total,,,,CAA (unpublished),no.,SA,791
11A.2,Ambulance service organisations' human resources,2022-23,Human resources,All ages,Other,All people,All areas,,Volunteers by gender (headcount),Total,,,,CAA (unpublished),no.,SA,0
11A.2,Ambulance service organisations' human resources,2022-23,Human resources,All ages,All people,All people,All areas,,Volunteers by gender (headcount),Total,,,,CAA (unpublished),no.,SA,1252
11A.2,Ambulance service organisations' human resources,2022-23,Human resources,All ages,All people,All people,All areas,,Community first responders,,,,,CAA (unpublished),no.,SA,41
11A.2,Ambulance service organisations' human resources,2021-22,Human resources,All ages,All people,All people,All areas,,Salaried personnel (FTE),Ambulance operatives,Patient transport officers,,,CAA (unpublished),no.,SA,84
11A.2,Ambulance service organisations' human resources,2021-22,Human resources,All ages,All people,All people,All areas,,Salaried personnel (FTE),Ambulance operatives,Students and base level ambulance officers,,,CAA (unpublished),no.,SA,159
11A.2,Ambulance service organisations' human resources,2021-22,Human resources,All ages,All people,All people,All areas,,Salaried personnel (FTE),Ambulance operatives,Qualified ambulance officers,,,CAA (unpublished),no.,SA,976
11A.2,Ambulance service organisations' human resources,2021-22,Human resources,All ages,All people,All people,All areas,,Salaried personnel (FTE),Ambulance operatives,Clinical other,,,CAA (unpublished),no.,SA,62
11A.2,Ambulance service organisations' human resources,2021-22,Human resources,All ages,All people,All people,All areas,,Salaried personnel (FTE),Ambulance operatives,Communications operatives,,,CAA (unpublished),no.,SA,139
11A.2,Ambulance service organisations' human resources,2021-22,Human resources,All ages,All people,All people,All areas,,Salaried personnel (FTE),Ambulance operatives,Total,,,Derived from CAA (unpublished),no.,SA,1421
11A.2,Ambulance service organisations' human resources,2021-22,Human resources,All ages,All people,All people,All areas,,Salaried personnel (FTE),Ambulance operatives,Proportion of total salaried personnel,,,Derived from CAA (unpublished),%,SA,78.3
11A.2,Ambulance service organisations' human resources,2021-22,Human resources,All ages,All people,All people,All areas,,Salaried personnel (FTE),Ambulance operatives,Students and base level ambulance officers,Per 100000 people,,Derived from CAA (unpublished); ABS National state and territory population - December,rate,SA,8.8
11A.2,Ambulance service organisations' human resources,2021-22,Human resources,All ages,All people,All people,All areas,,Salaried personnel (FTE),Ambulance operatives,Qualified ambulance officers,Per 100000 people,,Derived from CAA (unpublished); ABS National state and territory population - December,rate,SA,54.0
11A.2,Ambulance service organisations' human resources,2021-22,Human resources,All ages,All people,All people,All areas,,Salaried personnel (FTE),Ambulance operatives,Total,Per 100000 people,,Derived from CAA (unpublished); ABS National state and territory population - December,rate,SA,62.8
11A.2,Ambulance service organisations' human resources,2021-22,Human resources,All ages,All people,All people,All areas,,Salaried personnel (FTE),Operational support personnel,,,,CAA (unpublished),no.,SA,198
11A.2,Ambulance service organisations' human resources,2021-22,Human resources,All ages,All people,All people,All areas,,Salaried personnel (FTE),Corporate support personnel,,,,CAA (unpublished),no.,SA,195
11A.2,Ambulance service organisations' human resources,2021-22,Human resources,All ages,All people,All people,All areas,,Salaried personnel (FTE),Total ambulance service workforce,,,,Derived from CAA (unpublished),no.,SA,1814
11A.2,Ambulance service organisations' human resources,2021-22,Human resources,All ages,Males,All people,All areas,,Salaried personnel by gender (headcount),Total,,,,CAA (unpublished),no.,SA,na
11A.2,Ambulance service organisations' human resources,2021-22,Human resources,All ages,Females,All people,All areas,,Salaried personnel by gender (headcount),Total,,,,CAA (unpublished),no.,SA,na
11A.2,Ambulance service organisations' human resources,2021-22,Human resources,All ages,Other,All people,All areas,,Salaried personnel by gender (headcount),Total,,,,CAA (unpublished),no.,SA,na
11A.2,Ambulance service organisations' human resources,2021-22,Human resources,All ages,All people,All people,All areas,,Salaried personnel by gender (headcount),Total,,,,CAA (unpublished),no.,SA,na
11A.2,Ambulance service organisations' human resources,2021-22,Human resources,All ages,All people,All people,All areas,,Volunteers (headcount),Ambulance operatives,,,,Derived from CAA (unpublished),no.,SA,1068
11A.2,Ambulance service organisations' human resources,2021-22,Human resources,All ages,All people,All people,All areas,,Volunteers (headcount),Operational / corporate support,,,,CAA (unpublished),no.,SA,160
11A.2,Ambulance service organisations' human resources,2021-22,Human resources,All ages,All people,All people,All areas,,Volunteers (headcount),Total,,,,Derived from CAA (unpublished),no.,SA,1228
11A.2,Ambulance service organisations' human resources,2021-22,Human resources,All ages,Males,All people,All areas,,Volunteers by gender (headcount),Total,,,,CAA (unpublished),no.,SA,na
11A.2,Ambulance service organisations' human resources,2021-22,Human resources,All ages,Females,All people,All areas,,Volunteers by gender (headcount),Total,,,,CAA (unpublished),no.,SA,na
11A.2,Ambulance service organisations' human resources,2021-22,Human resources,All ages,Other,All people,All areas,,Volunteers by gender (headcount),Total,,,,CAA (unpublished),no.,SA,na
11A.2,Ambulance service organisations' human resources,2021-22,Human resources,All ages,All people,All people,All areas,,Volunteers by gender (headcount),Total,,,,CAA (unpublished),no.,SA,na
11A.2,Ambulance service organisations' human resources,2021-22,Human resources,All ages,All people,All people,All areas,,Community first responders,,,,,CAA (unpublished),no.,SA,45
11A.2,Ambulance service organisations' human resources,2020-21,Human resources,All ages,All people,All people,All areas,,Salaried personnel (FTE),Ambulance operatives,Patient transport officers,,,CAA (unpublished),no.,SA,74
11A.2,Ambulance service organisations' human resources,2020-21,Human resources,All ages,All people,All people,All areas,,Salaried personnel (FTE),Ambulance operatives,Students and base level ambulance officers,,,CAA (unpublished),no.,SA,123
11A.2,Ambulance service organisations' human resources,2020-21,Human resources,All ages,All people,All people,All areas,,Salaried personnel (FTE),Ambulance operatives,Qualified ambulance officers,,,CAA (unpublished),no.,SA,959
11A.2,Ambulance service organisations' human resources,2020-21,Human resources,All ages,All people,All people,All areas,,Salaried personnel (FTE),Ambulance operatives,Clinical other,,,CAA (unpublished),no.,SA,62
11A.2,Ambulance service organisations' human resources,2020-21,Human resources,All ages,All people,All people,All areas,,Salaried personnel (FTE),Ambulance operatives,Communications operatives,,,CAA (unpublished),no.,SA,136
11A.2,Ambulance service organisations' human resources,2020-21,Human resources,All ages,All people,All people,All areas,,Salaried personnel (FTE),Ambulance operatives,Total,,,Derived from CAA (unpublished),no.,SA,1354
11A.2,Ambulance service organisations' human resources,2020-21,Human resources,All ages,All people,All people,All areas,,Salaried personnel (FTE),Ambulance operatives,Proportion of total salaried personnel,,,Derived from CAA (unpublished),%,SA,78.6
11A.2,Ambulance service organisations' human resources,2020-21,Human resources,All ages,All people,All people,All areas,,Salaried personnel (FTE),Ambulance operatives,Students and base level ambulance officers,Per 100000 people,,Derived from CAA (unpublished); ABS National state and territory population - December,rate,SA,6.9
11A.2,Ambulance service organisations' human resources,2020-21,Human resources,All ages,All people,All people,All areas,,Salaried personnel (FTE),Ambulance operatives,Qualified ambulance officers,Per 100000 people,,Derived from CAA (unpublished); ABS National state and territory population - December,rate,SA,53.5
11A.2,Ambulance service organisations' human resources,2020-21,Human resources,All ages,All people,All people,All areas,,Salaried personnel (FTE),Ambulance operatives,Total,Per 100000 people,,Derived from CAA (unpublished); ABS National state and territory population - December,rate,SA,60.3
11A.2,Ambulance service organisations' human resources,2020-21,Human resources,All ages,All people,All people,All areas,,Salaried personnel (FTE),Operational support personnel,,,,CAA (unpublished),no.,SA,176
11A.2,Ambulance service organisations' human resources,2020-21,Human resources,All ages,All people,All people,All areas,,Salaried personnel (FTE),Corporate support personnel,,,,CAA (unpublished),no.,SA,193
11A.2,Ambulance service organisations' human resources,2020-21,Human resources,All ages,All people,All people,All areas,,Salaried personnel (FTE),Total ambulance service workforce,,,,Derived from CAA (unpublished),no.,SA,1723
11A.2,Ambulance service organisations' human resources,2020-21,Human resources,All ages,Males,All people,All areas,,Salaried personnel by gender (headcount),Total,,,,CAA (unpublished),no.,SA,na
11A.2,Ambulance service organisations' human resources,2020-21,Human resources,All ages,Females,All people,All areas,,Salaried personnel by gender (headcount),Total,,,,CAA (unpublished),no.,SA,na
11A.2,Ambulance service organisations' human resources,2020-21,Human resources,All ages,Other,All people,All areas,,Salaried personnel by gender (headcount),Total,,,,CAA (unpublished),no.,SA,na
11A.2,Ambulance service organisations' human resources,2020-21,Human resources,All ages,All people,All people,All areas,,Salaried personnel by gender (headcount),Total,,,,CAA (unpublished),no.,SA,na
11A.2,Ambulance service organisations' human resources,2020-21,Human resources,All ages,All people,All people,All areas,,Volunteers (headcount),Ambulance operatives,,,,Derived from CAA (unpublished),no.,SA,1239
11A.2,Ambulance service organisations' human resources,2020-21,Human resources,All ages,All people,All people,All areas,,Volunteers (headcount),Operational / corporate support,,,,CAA (unpublished),no.,SA,212
11A.2,Ambulance service organisations' human resources,2020-21,Human resources,All ages,All people,All people,All areas,,Volunteers (headcount),Total,,,,Derived from CAA (unpublished),no.,SA,1451
11A.2,Ambulance service organisations' human resources,2020-21,Human resources,All ages,Males,All people,All areas,,Volunteers by gender (headcount),Total,,,,CAA (unpublished),no.,SA,na
11A.2,Ambulance service organisations' human resources,2020-21,Human resources,All ages,Females,All people,All areas,,Volunteers by gender (headcount),Total,,,,CAA (unpublished),no.,SA,na
11A.2,Ambulance service organisations' human resources,2020-21,Human resources,All ages,Other,All people,All areas,,Volunteers by gender (headcount),Total,,,,CAA (unpublished),no.,SA,na
11A.2,Ambulance service organisations' human resources,2020-21,Human resources,All ages,All people,All people,All areas,,Volunteers by gender (headcount),Total,,,,CAA (unpublished),no.,SA,na
11A.2,Ambulance service organisations' human resources,2020-21,Human resources,All ages,All people,All people,All areas,,Community first responders,,,,,CAA (unpublished),no.,SA,38
11A.2,Ambulance service organisations' human resources,2019-20,Human resources,All ages,All people,All people,All areas,,Salaried personnel (FTE),Ambulance operatives,Patient transport officers,,,CAA (unpublished),no.,SA,75
11A.2,Ambulance service organisations' human resources,2019-20,Human resources,All ages,All people,All people,All areas,,Salaried personnel (FTE),Ambulance operatives,Students and base level ambulance officers,,,CAA (unpublished),no.,SA,98
11A.2,Ambulance service organisations' human resources,2019-20,Human resources,All ages,All people,All people,All areas,,Salaried personnel (FTE),Ambulance operatives,Qualified ambulance officers,,,CAA (unpublished),no.,SA,946
11A.2,Ambulance service organisations' human resources,2019-20,Human resources,All ages,All people,All people,All areas,,Salaried personnel (FTE),Ambulance operatives,Clinical other,,,CAA (unpublished),no.,SA,58
11A.2,Ambulance service organisations' human resources,2019-20,Human resources,All ages,All people,All people,All areas,,Salaried personnel (FTE),Ambulance operatives,Communications operatives,,,CAA (unpublished),no.,SA,140
11A.2,Ambulance service organisations' human resources,2019-20,Human resources,All ages,All people,All people,All areas,,Salaried personnel (FTE),Ambulance operatives,Total,,,Derived from CAA (unpublished),no.,SA,1318
11A.2,Ambulance service organisations' human resources,2019-20,Human resources,All ages,All people,All people,All areas,,Salaried personnel (FTE),Ambulance operatives,Proportion of total salaried personnel,,,Derived from CAA (unpublished),%,SA,77.3
11A.2,Ambulance service organisations' human resources,2019-20,Human resources,All ages,All people,All people,All areas,,Salaried personnel (FTE),Ambulance operatives,Students and base level ambulance officers,Per 100000 people,,Derived from CAA (unpublished); ABS National state and territory population - December,rate,SA,5.5
11A.2,Ambulance service organisations' human resources,2019-20,Human resources,All ages,All people,All people,All areas,,Salaried personnel (FTE),Ambulance operatives,Qualified ambulance officers,Per 100000 people,,Derived from CAA (unpublished); ABS National state and territory population - December,rate,SA,53.2
11A.2,Ambulance service organisations' human resources,2019-20,Human resources,All ages,All people,All people,All areas,,Salaried personnel (FTE),Ambulance operatives,Total,Per 100000 people,,Derived from CAA (unpublished); ABS National state and territory population - December,rate,SA,58.7
11A.2,Ambulance service organisations' human resources,2019-20,Human resources,All ages,All people,All people,All areas,,Salaried personnel (FTE),Operational support personnel,,,,CAA (unpublished),no.,SA,199
11A.2,Ambulance service organisations' human resources,2019-20,Human resources,All ages,All people,All people,All areas,,Salaried personnel (FTE),Corporate support personnel,,,,CAA (unpublished),no.,SA,187
11A.2,Ambulance service organisations' human resources,2019-20,Human resources,All ages,All people,All people,All areas,,Salaried personnel (FTE),Total ambulance service workforce,,,,Derived from CAA (unpublished),no.,SA,1704
11A.2,Ambulance service organisations' human resources,2019-20,Human resources,All ages,Males,All people,All areas,,Salaried personnel by gender (headcount),Total,,,,CAA (unpublished),no.,SA,na
11A.2,Ambulance service organisations' human resources,2019-20,Human resources,All ages,Females,All people,All areas,,Salaried personnel by gender (headcount),Total,,,,CAA (unpublished),no.,SA,na
11A.2,Ambulance service organisations' human resources,2019-20,Human resources,All ages,Other,All people,All areas,,Salaried personnel by gender (headcount),Total,,,,CAA (unpublished),no.,SA,na
11A.2,Ambulance service organisations' human resources,2019-20,Human resources,All ages,All people,All people,All areas,,Salaried personnel by gender (headcount),Total,,,,CAA (unpublished),no.,SA,na
11A.2,Ambulance service organisations' human resources,2019-20,Human resources,All ages,All people,All people,All areas,,Volunteers (headcount),Ambulance operatives,,,,Derived from CAA (unpublished),no.,SA,1462
11A.2,Ambulance service organisations' human resources,2019-20,Human resources,All ages,All people,All people,All areas,,Volunteers (headcount),Operational / corporate support,,,,CAA (unpublished),no.,SA,218
11A.2,Ambulance service organisations' human resources,2019-20,Human resources,All ages,All people,All people,All areas,,Volunteers (headcount),Total,,,,Derived from CAA (unpublished),no.,SA,1680
11A.2,Ambulance service organisations' human resources,2019-20,Human resources,All ages,Males,All people,All areas,,Volunteers by gender (headcount),Total,,,,CAA (unpublished),no.,SA,na
11A.2,Ambulance service organisations' human resources,2019-20,Human resources,All ages,Females,All people,All areas,,Volunteers by gender (headcount),Total,,,,CAA (unpublished),no.,SA,na
11A.2,Ambulance service organisations' human resources,2019-20,Human resources,All ages,Other,All people,All areas,,Volunteers by gender (headcount),Total,,,,CAA (unpublished),no.,SA,na
11A.2,Ambulance service organisations' human resources,2019-20,Human resources,All ages,All people,All people,All areas,,Volunteers by gender (headcount),Total,,,,CAA (unpublished),no.,SA,na
11A.2,Ambulance service organisations' human resources,2019-20,Human resources,All ages,All people,All people,All areas,,Community first responders,,,,,CAA (unpublished),no.,SA,53
11A.2,Ambulance service organisations' human resources,2018-19,Human resources,All ages,All people,All people,All areas,,Salaried personnel (FTE),Ambulance operatives,Patient transport officers,,,CAA (unpublished),no.,SA,61
11A.2,Ambulance service organisations' human resources,2018-19,Human resources,All ages,All people,All people,All areas,,Salaried personnel (FTE),Ambulance operatives,Students and base level ambulance officers,,,CAA (unpublished),no.,SA,97
11A.2,Ambulance service organisations' human resources,2018-19,Human resources,All ages,All people,All people,All areas,,Salaried personnel (FTE),Ambulance operatives,Qualified ambulance officers,,,CAA (unpublished),no.,SA,929
11A.2,Ambulance service organisations' human resources,2018-19,Human resources,All ages,All people,All people,All areas,,Salaried personnel (FTE),Ambulance operatives,Clinical other,,,CAA (unpublished),no.,SA,62
11A.2,Ambulance service organisations' human resources,2018-19,Human resources,All ages,All people,All people,All areas,,Salaried personnel (FTE),Ambulance operatives,Communications operatives,,,CAA (unpublished),no.,SA,128
11A.2,Ambulance service organisations' human resources,2018-19,Human resources,All ages,All people,All people,All areas,,Salaried personnel (FTE),Ambulance operatives,Total,,,Derived from CAA (unpublished),no.,SA,1276
11A.2,Ambulance service organisations' human resources,2018-19,Human resources,All ages,All people,All people,All areas,,Salaried personnel (FTE),Ambulance operatives,Proportion of total salaried personnel,,,Derived from CAA (unpublished),%,SA,79.6
11A.2,Ambulance service organisations' human resources,2018-19,Human resources,All ages,All people,All people,All areas,,Salaried personnel (FTE),Ambulance operatives,Students and base level ambulance officers,Per 100000 people,,Derived from CAA (unpublished); ABS National state and territory population - December,rate,SA,5.5
11A.2,Ambulance service organisations' human resources,2018-19,Human resources,All ages,All people,All people,All areas,,Salaried personnel (FTE),Ambulance operatives,Qualified ambulance officers,Per 100000 people,,Derived from CAA (unpublished); ABS National state and territory population - December,rate,SA,52.9
11A.2,Ambulance service organisations' human resources,2018-19,Human resources,All ages,All people,All people,All areas,,Salaried personnel (FTE),Ambulance operatives,Total,Per 100000 people,,Derived from CAA (unpublished); ABS National state and territory population - December,rate,SA,58.4
11A.2,Ambulance service organisations' human resources,2018-19,Human resources,All ages,All people,All people,All areas,,Salaried personnel (FTE),Operational support personnel,,,,CAA (unpublished),no.,SA,151
11A.2,Ambulance service organisations' human resources,2018-19,Human resources,All ages,All people,All people,All areas,,Salaried personnel (FTE),Corporate support personnel,,,,CAA (unpublished),no.,SA,176
11A.2,Ambulance service organisations' human resources,2018-19,Human resources,All ages,All people,All people,All areas,,Salaried personnel (FTE),Total ambulance service workforce,,,,Derived from CAA (unpublished),no.,SA,1603
11A.2,Ambulance service organisations' human resources,2018-19,Human resources,All ages,Males,All people,All areas,,Salaried personnel by gender (headcount),Total,,,,CAA (unpublished),no.,SA,na
11A.2,Ambulance service organisations' human resources,2018-19,Human resources,All ages,Females,All people,All areas,,Salaried personnel by gender (headcount),Total,,,,CAA (unpublished),no.,SA,na
11A.2,Ambulance service organisations' human resources,2018-19,Human resources,All ages,Other,All people,All areas,,Salaried personnel by gender (headcount),Total,,,,CAA (unpublished),no.,SA,na
11A.2,Ambulance service organisations' human resources,2018-19,Human resources,All ages,All people,All people,All areas,,Salaried personnel by gender (headcount),Total,,,,CAA (unpublished),no.,SA,na
11A.2,Ambulance service organisations' human resources,2018-19,Human resources,All ages,All people,All people,All areas,,Volunteers (headcount),Ambulance operatives,,,,Derived from CAA (unpublished),no.,SA,1275
11A.2,Ambulance service organisations' human resources,2018-19,Human resources,All ages,All people,All people,All areas,,Volunteers (headcount),Operational / corporate support,,,,CAA (unpublished),no.,SA,226
11A.2,Ambulance service organisations' human resources,2018-19,Human resources,All ages,All people,All people,All areas,,Volunteers (headcount),Total,,,,Derived from CAA (unpublished),no.,SA,1501
11A.2,Ambulance service organisations' human resources,2018-19,Human resources,All ages,Males,All people,All areas,,Volunteers by gender (headcount),Total,,,,CAA (unpublished),no.,SA,na
11A.2,Ambulance service organisations' human resources,2018-19,Human resources,All ages,Females,All people,All areas,,Volunteers by gender (headcount),Total,,,,CAA (unpublished),no.,SA,na
11A.2,Ambulance service organisations' human resources,2018-19,Human resources,All ages,Other,All people,All areas,,Volunteers by gender (headcount),Total,,,,CAA (unpublished),no.,SA,na
11A.2,Ambulance service organisations' human resources,2018-19,Human resources,All ages,All people,All people,All areas,,Volunteers by gender (headcount),Total,,,,CAA (unpublished),no.,SA,na
11A.2,Ambulance service organisations' human resources,2018-19,Human resources,All ages,All people,All people,All areas,,Community first responders,,,,,CAA (unpublished),no.,SA,41
11A.2,Ambulance service organisations' human resources,2017-18,Human resources,All ages,All people,All people,All areas,,Salaried personnel (FTE),Ambulance operatives,Patient transport officers,,,CAA (unpublished),no.,SA,59
11A.2,Ambulance service organisations' human resources,2017-18,Human resources,All ages,All people,All people,All areas,,Salaried personnel (FTE),Ambulance operatives,Students and base level ambulance officers,,,CAA (unpublished),no.,SA,72
11A.2,Ambulance service organisations' human resources,2017-18,Human resources,All ages,All people,All people,All areas,,Salaried personnel (FTE),Ambulance operatives,Qualified ambulance officers,,,CAA (unpublished),no.,SA,866
11A.2,Ambulance service organisations' human resources,2017-18,Human resources,All ages,All people,All people,All areas,,Salaried personnel (FTE),Ambulance operatives,Clinical other,,,CAA (unpublished),no.,SA,57
11A.2,Ambulance service organisations' human resources,2017-18,Human resources,All ages,All people,All people,All areas,,Salaried personnel (FTE),Ambulance operatives,Communications operatives,,,CAA (unpublished),no.,SA,113
11A.2,Ambulance service organisations' human resources,2017-18,Human resources,All ages,All people,All people,All areas,,Salaried personnel (FTE),Ambulance operatives,Total,,,Derived from CAA (unpublished),no.,SA,1166
11A.2,Ambulance service organisations' human resources,2017-18,Human resources,All ages,All people,All people,All areas,,Salaried personnel (FTE),Ambulance operatives,Proportion of total salaried personnel,,,Derived from CAA (unpublished),%,SA,77.2
11A.2,Ambulance service organisations' human resources,2017-18,Human resources,All ages,All people,All people,All areas,,Salaried personnel (FTE),Ambulance operatives,Students and base level ambulance officers,Per 100000 people,,Derived from CAA (unpublished); ABS National state and territory population - December,rate,SA,4.1
11A.2,Ambulance service organisations' human resources,2017-18,Human resources,All ages,All people,All people,All areas,,Salaried personnel (FTE),Ambulance operatives,Qualified ambulance officers,Per 100000 people,,Derived from CAA (unpublished); ABS National state and territory population - December,rate,SA,49.9
11A.2,Ambulance service organisations' human resources,2017-18,Human resources,All ages,All people,All people,All areas,,Salaried personnel (FTE),Ambulance operatives,Total,Per 100000 people,,Derived from CAA (unpublished); ABS National state and territory population - December,rate,SA,54.0
11A.2,Ambulance service organisations' human resources,2017-18,Human resources,All ages,All people,All people,All areas,,Salaried personnel (FTE),Operational support personnel,,,,CAA (unpublished),no.,SA,165
11A.2,Ambulance service organisations' human resources,2017-18,Human resources,All ages,All people,All people,All areas,,Salaried personnel (FTE),Corporate support personnel,,,,CAA (unpublished),no.,SA,180
11A.2,Ambulance service organisations' human resources,2017-18,Human resources,All ages,All people,All people,All areas,,Salaried personnel (FTE),Total ambulance service workforce,,,,Derived from CAA (unpublished),no.,SA,1511
11A.2,Ambulance service organisations' human resources,2017-18,Human resources,All ages,Males,All people,All areas,,Salaried personnel by gender (headcount),Total,,,,CAA (unpublished),no.,SA,na
11A.2,Ambulance service organisations' human resources,2017-18,Human resources,All ages,Females,All people,All areas,,Salaried personnel by gender (headcount),Total,,,,CAA (unpublished),no.,SA,na
11A.2,Ambulance service organisations' human resources,2017-18,Human resources,All ages,Other,All people,All areas,,Salaried personnel by gender (headcount),Total,,,,CAA (unpublished),no.,SA,na
11A.2,Ambulance service organisations' human resources,2017-18,Human resources,All ages,All people,All people,All areas,,Salaried personnel by gender (headcount),Total,,,,CAA (unpublished),no.,SA,na
11A.2,Ambulance service organisations' human resources,2017-18,Human resources,All ages,All people,All people,All areas,,Volunteers (headcount),Ambulance operatives,,,,Derived from CAA (unpublished),no.,SA,1351
11A.2,Ambulance service organisations' human resources,2017-18,Human resources,All ages,All people,All people,All areas,,Volunteers (headcount),Operational / corporate support,,,,CAA (unpublished),no.,SA,220
11A.2,Ambulance service organisations' human resources,2017-18,Human resources,All ages,All people,All people,All areas,,Volunteers (headcount),Total,,,,Derived from CAA (unpublished),no.,SA,1571
11A.2,Ambulance service organisations' human resources,2017-18,Human resources,All ages,Males,All people,All areas,,Volunteers by gender (headcount),Total,,,,CAA (unpublished),no.,SA,na
11A.2,Ambulance service organisations' human resources,2017-18,Human resources,All ages,Females,All people,All areas,,Volunteers by gender (headcount),Total,,,,CAA (unpublished),no.,SA,na
11A.2,Ambulance service organisations' human resources,2017-18,Human resources,All ages,Other,All people,All areas,,Volunteers by gender (headcount),Total,,,,CAA (unpublished),no.,SA,na
11A.2,Ambulance service organisations' human resources,2017-18,Human resources,All ages,All people,All people,All areas,,Volunteers by gender (headcount),Total,,,,CAA (unpublished),no.,SA,na
11A.2,Ambulance service organisations' human resources,2017-18,Human resources,All ages,All people,All people,All areas,,Community first responders,,,,,CAA (unpublished),no.,SA,55
11A.2,Ambulance service organisations' human resources,2016-17,Human resources,All ages,All people,All people,All areas,,Salaried personnel (FTE),Ambulance operatives,Patient transport officers,,,CAA (unpublished),no.,SA,70
11A.2,Ambulance service organisations' human resources,2016-17,Human resources,All ages,All people,All people,All areas,,Salaried personnel (FTE),Ambulance operatives,Students and base level ambulance officers,,,CAA (unpublished),no.,SA,67
11A.2,Ambulance service organisations' human resources,2016-17,Human resources,All ages,All people,All people,All areas,,Salaried personnel (FTE),Ambulance operatives,Qualified ambulance officers,,,CAA (unpublished),no.,SA,772
11A.2,Ambulance service organisations' human resources,2016-17,Human resources,All ages,All people,All people,All areas,,Salaried personnel (FTE),Ambulance operatives,Clinical other,,,CAA (unpublished),no.,SA,47
11A.2,Ambulance service organisations' human resources,2016-17,Human resources,All ages,All people,All people,All areas,,Salaried personnel (FTE),Ambulance operatives,Communications operatives,,,CAA (unpublished),no.,SA,113
11A.2,Ambulance service organisations' human resources,2016-17,Human resources,All ages,All people,All people,All areas,,Salaried personnel (FTE),Ambulance operatives,Total,,,Derived from CAA (unpublished),no.,SA,1069
11A.2,Ambulance service organisations' human resources,2016-17,Human resources,All ages,All people,All people,All areas,,Salaried personnel (FTE),Ambulance operatives,Proportion of total salaried personnel,,,Derived from CAA (unpublished),%,SA,76.5
11A.2,Ambulance service organisations' human resources,2016-17,Human resources,All ages,All people,All people,All areas,,Salaried personnel (FTE),Ambulance operatives,Students and base level ambulance officers,Per 100000 people,,Derived from CAA (unpublished); ABS National state and territory population - December,rate,SA,3.9
11A.2,Ambulance service organisations' human resources,2016-17,Human resources,All ages,All people,All people,All areas,,Salaried personnel (FTE),Ambulance operatives,Qualified ambulance officers,Per 100000 people,,Derived from CAA (unpublished); ABS National state and territory population - December,rate,SA,44.9
11A.2,Ambulance service organisations' human resources,2016-17,Human resources,All ages,All people,All people,All areas,,Salaried personnel (FTE),Ambulance operatives,Total,Per 100000 people,,Derived from CAA (unpublished); ABS National state and territory population - December,rate,SA,48.8
11A.2,Ambulance service organisations' human resources,2016-17,Human resources,All ages,All people,All people,All areas,,Salaried personnel (FTE),Operational support personnel,,,,CAA (unpublished),no.,SA,155
11A.2,Ambulance service organisations' human resources,2016-17,Human resources,All ages,All people,All people,All areas,,Salaried personnel (FTE),Corporate support personnel,,,,CAA (unpublished),no.,SA,174
11A.2,Ambulance service organisations' human resources,2016-17,Human resources,All ages,All people,All people,All areas,,Salaried personnel (FTE),Total ambulance service workforce,,,,Derived from CAA (unpublished),no.,SA,1397
11A.2,Ambulance service organisations' human resources,2016-17,Human resources,All ages,Males,All people,All areas,,Salaried personnel by gender (headcount),Total,,,,CAA (unpublished),no.,SA,na
11A.2,Ambulance service organisations' human resources,2016-17,Human resources,All ages,Females,All people,All areas,,Salaried personnel by gender (headcount),Total,,,,CAA (unpublished),no.,SA,na
11A.2,Ambulance service organisations' human resources,2016-17,Human resources,All ages,Other,All people,All areas,,Salaried personnel by gender (headcount),Total,,,,CAA (unpublished),no.,SA,na
11A.2,Ambulance service organisations' human resources,2016-17,Human resources,All ages,All people,All people,All areas,,Salaried personnel by gender (headcount),Total,,,,CAA (unpublished),no.,SA,na
11A.2,Ambulance service organisations' human resources,2016-17,Human resources,All ages,All people,All people,All areas,,Volunteers (headcount),Ambulance operatives,,,,Derived from CAA (unpublished),no.,SA,1347
11A.2,Ambulance service organisations' human resources,2016-17,Human resources,All ages,All people,All people,All areas,,Volunteers (headcount),Operational / corporate support,,,,CAA (unpublished),no.,SA,229
11A.2,Ambulance service organisations' human resources,2016-17,Human resources,All ages,All people,All people,All areas,,Volunteers (headcount),Total,,,,Derived from CAA (unpublished),no.,SA,1576
11A.2,Ambulance service organisations' human resources,2016-17,Human resources,All ages,Males,All people,All areas,,Volunteers by gender (headcount),Total,,,,CAA (unpublished),no.,SA,na
11A.2,Ambulance service organisations' human resources,2016-17,Human resources,All ages,Females,All people,All areas,,Volunteers by gender (headcount),Total,,,,CAA (unpublished),no.,SA,na
11A.2,Ambulance service organisations' human resources,2016-17,Human resources,All ages,Other,All people,All areas,,Volunteers by gender (headcount),Total,,,,CAA (unpublished),no.,SA,na
11A.2,Ambulance service organisations' human resources,2016-17,Human resources,All ages,All people,All people,All areas,,Volunteers by gender (headcount),Total,,,,CAA (unpublished),no.,SA,na
11A.2,Ambulance service organisations' human resources,2016-17,Human resources,All ages,All people,All people,All areas,,Community first responders,,,,,CAA (unpublished),no.,SA,44
11A.2,Ambulance service organisations' human resources,2015-16,Human resources,All ages,All people,All people,All areas,,Salaried personnel (FTE),Ambulance operatives,Patient transport officers,,,CAA (unpublished),no.,SA,57
11A.2,Ambulance service organisations' human resources,2015-16,Human resources,All ages,All people,All people,All areas,,Salaried personnel (FTE),Ambulance operatives,Students and base level ambulance officers,,,CAA (unpublished),no.,SA,35
11A.2,Ambulance service organisations' human resources,2015-16,Human resources,All ages,All people,All people,All areas,,Salaried personnel (FTE),Ambulance operatives,Qualified ambulance officers,,,CAA (unpublished),no.,SA,738
11A.2,Ambulance service organisations' human resources,2015-16,Human resources,All ages,All people,All people,All areas,,Salaried personnel (FTE),Ambulance operatives,Clinical other,,,CAA (unpublished),no.,SA,48
11A.2,Ambulance service organisations' human resources,2015-16,Human resources,All ages,All people,All people,All areas,,Salaried personnel (FTE),Ambulance operatives,Communications operatives,,,CAA (unpublished),no.,SA,103
11A.2,Ambulance service organisations' human resources,2015-16,Human resources,All ages,All people,All people,All areas,,Salaried personnel (FTE),Ambulance operatives,Total,,,Derived from CAA (unpublished),no.,SA,982
11A.2,Ambulance service organisations' human resources,2015-16,Human resources,All ages,All people,All people,All areas,,Salaried personnel (FTE),Ambulance operatives,Proportion of total salaried personnel,,,Derived from CAA (unpublished),%,SA,75.8
11A.2,Ambulance service organisations' human resources,2015-16,Human resources,All ages,All people,All people,All areas,,Salaried personnel (FTE),Ambulance operatives,Students and base level ambulance officers,Per 100000 people,,Derived from CAA (unpublished); ABS National state and territory population - December,rate,SA,2.1
11A.2,Ambulance service organisations' human resources,2015-16,Human resources,All ages,All people,All people,All areas,,Salaried personnel (FTE),Ambulance operatives,Qualified ambulance officers,Per 100000 people,,Derived from CAA (unpublished); ABS National state and territory population - December,rate,SA,43.3
11A.2,Ambulance service organisations' human resources,2015-16,Human resources,All ages,All people,All people,All areas,,Salaried personnel (FTE),Ambulance operatives,Total,Per 100000 people,,Derived from CAA (unpublished); ABS National state and territory population - December,rate,SA,45.3
11A.2,Ambulance service organisations' human resources,2015-16,Human resources,All ages,All people,All people,All areas,,Salaried personnel (FTE),Operational support personnel,,,,CAA (unpublished),no.,SA,155
11A.2,Ambulance service organisations' human resources,2015-16,Human resources,All ages,All people,All people,All areas,,Salaried personnel (FTE),Corporate support personnel,,,,CAA (unpublished),no.,SA,158
11A.2,Ambulance service organisations' human resources,2015-16,Human resources,All ages,All people,All people,All areas,,Salaried personnel (FTE),Total ambulance service workforce,,,,Derived from CAA (unpublished),no.,SA,1295
11A.2,Ambulance service organisations' human resources,2015-16,Human resources,All ages,Males,All people,All areas,,Salaried personnel by gender (headcount),Total,,,,CAA (unpublished),no.,SA,na
11A.2,Ambulance service organisations' human resources,2015-16,Human resources,All ages,Females,All people,All areas,,Salaried personnel by gender (headcount),Total,,,,CAA (unpublished),no.,SA,na
11A.2,Ambulance service organisations' human resources,2015-16,Human resources,All ages,Other,All people,All areas,,Salaried personnel by gender (headcount),Total,,,,CAA (unpublished),no.,SA,na
11A.2,Ambulance service organisations' human resources,2015-16,Human resources,All ages,All people,All people,All areas,,Salaried personnel by gender (headcount),Total,,,,CAA (unpublished),no.,SA,na
11A.2,Ambulance service organisations' human resources,2015-16,Human resources,All ages,All people,All people,All areas,,Volunteers (headcount),Ambulance operatives,,,,Derived from CAA (unpublished),no.,SA,1300
11A.2,Ambulance service organisations' human resources,2015-16,Human resources,All ages,All people,All people,All areas,,Volunteers (headcount),Operational / corporate support,,,,CAA (unpublished),no.,SA,141
11A.2,Ambulance service organisations' human resources,2015-16,Human resources,All ages,All people,All people,All areas,,Volunteers (headcount),Total,,,,Derived from CAA (unpublished),no.,SA,1441
11A.2,Ambulance service organisations' human resources,2015-16,Human resources,All ages,Males,All people,All areas,,Volunteers by gender (headcount),Total,,,,CAA (unpublished),no.,SA,na
11A.2,Ambulance service organisations' human resources,2015-16,Human resources,All ages,Females,All people,All areas,,Volunteers by gender (headcount),Total,,,,CAA (unpublished),no.,SA,na
11A.2,Ambulance service organisations' human resources,2015-16,Human resources,All ages,Other,All people,All areas,,Volunteers by gender (headcount),Total,,,,CAA (unpublished),no.,SA,na
11A.2,Ambulance service organisations' human resources,2015-16,Human resources,All ages,All people,All people,All areas,,Volunteers by gender (headcount),Total,,,,CAA (unpublished),no.,SA,na
11A.2,Ambulance service organisations' human resources,2015-16,Human resources,All ages,All people,All people,All areas,,Community first responders,,,,,CAA (unpublished),no.,SA,44
11A.3,Australian Health Practitioner Regulation Agency registered paramedics,2024-25,Australian Health Practitioner Regulation Agency registered paramedics,All ages,All people,All people,All areas,,Registered paramedics,General,,,,AHPRA Registrant Data Table,no.,SA,1716
11A.3,Australian Health Practitioner Regulation Agency registered paramedics,2024-25,Australian Health Practitioner Regulation Agency registered paramedics,All ages,All people,All people,All areas,,Registered paramedics,Non-practising,,,,AHPRA Registrant Data Table,no.,SA,57
11A.3,Australian Health Practitioner Regulation Agency registered paramedics,2024-25,Australian Health Practitioner Regulation Agency registered paramedics,All ages,All people,All people,All areas,,Registered paramedics,Total,,,,AHPRA Registrant Data Table,no.,SA,1773
11A.3,Australian Health Practitioner Regulation Agency registered paramedics,2023-24,Australian Health Practitioner Regulation Agency registered paramedics,All ages,All people,All people,All areas,,Registered paramedics,General,,,,AHPRA Registrant Data Table,no.,SA,1634
11A.3,Australian Health Practitioner Regulation Agency registered paramedics,2023-24,Australian Health Practitioner Regulation Agency registered paramedics,All ages,All people,All people,All areas,,Registered paramedics,Non-practising,,,,AHPRA Registrant Data Table,no.,SA,43
11A.3,Australian Health Practitioner Regulation Agency registered paramedics,2023-24,Australian Health Practitioner Regulation Agency registered paramedics,All ages,All people,All people,All areas,,Registered paramedics,Total,,,,AHPRA Registrant Data Table,no.,SA,1677
11A.3,Australian Health Practitioner Regulation Agency registered paramedics,2022-23,Australian Health Practitioner Regulation Agency registered paramedics,All ages,All people,All people,All areas,,Registered paramedics,General,,,,AHPRA Registrant Data Table,no.,SA,1541
11A.3,Australian Health Practitioner Regulation Agency registered paramedics,2022-23,Australian Health Practitioner Regulation Agency registered paramedics,All ages,All people,All people,All areas,,Registered paramedics,Non-practising,,,,AHPRA Registrant Data Table,no.,SA,44
11A.3,Australian Health Practitioner Regulation Agency registered paramedics,2022-23,Australian Health Practitioner Regulation Agency registered paramedics,All ages,All people,All people,All areas,,Registered paramedics,Total,,,,AHPRA Registrant Data Table,no.,SA,1585
11A.3,Australian Health Practitioner Regulation Agency registered paramedics,2021-22,Australian Health Practitioner Regulation Agency registered paramedics,All ages,All people,All people,All areas,,Registered paramedics,General,,,,AHPRA Registrant Data Table,no.,SA,1458
11A.3,Australian Health Practitioner Regulation Agency registered paramedics,2021-22,Australian Health Practitioner Regulation Agency registered paramedics,All ages,All people,All people,All areas,,Registered paramedics,Non-practising,,,,AHPRA Registrant Data Table,no.,SA,31
11A.3,Australian Health Practitioner Regulation Agency registered paramedics,2021-22,Australian Health Practitioner Regulation Agency registered paramedics,All ages,All people,All people,All areas,,Registered paramedics,Total,,,,AHPRA Registrant Data Table,no.,SA,1489
11A.3,Australian Health Practitioner Regulation Agency registered paramedics,2020-21,Australian Health Practitioner Regulation Agency registered paramedics,All ages,All people,All people,All areas,,Registered paramedics,General,,,,AHPRA Registrant Data Table,no.,SA,1387
11A.3,Australian Health Practitioner Regulation Agency registered paramedics,2020-21,Australian Health Practitioner Regulation Agency registered paramedics,All ages,All people,All people,All areas,,Registered paramedics,Non-practising,,,,AHPRA Registrant Data Table,no.,SA,16
11A.3,Australian Health Practitioner Regulation Agency registered paramedics,2020-21,Australian Health Practitioner Regulation Agency registered paramedics,All ages,All people,All people,All areas,,Registered paramedics,Total,,,,AHPRA Registrant Data Table,no.,SA,1403
11A.4,"Incidents, responses, patients and transport",2024-25,Ambulance activity and resources,All ages,All people,All people,All areas,,Ambulance activity and resources,Incidents,Emergency incidents,,,CAA (unpublished),no.,SA,187133
11A.4,"Incidents, responses, patients and transport",2024-25,Ambulance activity and resources,All ages,All people,All people,All areas,,Ambulance activity and resources,Incidents,Urgent incidents,,,CAA (unpublished),no.,SA,115597
11A.4,"Incidents, responses, patients and transport",2024-25,Ambulance activity and resources,All ages,All people,All people,All areas,,Ambulance activity and resources,Incidents,Non-emergency incidents,,,CAA (unpublished),no.,SA,54950
11A.4,"Incidents, responses, patients and transport",2024-25,Ambulance activity and resources,All ages,All people,All people,All areas,,Ambulance activity and resources,Incidents,Casualty room attendances,,,CAA (unpublished),no.,SA,0
11A.4,"Incidents, responses, patients and transport",2024-25,Ambulance activity and resources,All ages,All people,All people,All areas,,Ambulance activity and resources,Incidents,Total incidents,,,Derived from CAA (unpublished),no.,SA,357680
11A.4,"Incidents, responses, patients and transport",2024-25,Ambulance activity and resources,All ages,All people,All people,All areas,,Ambulance activity and resources,Incidents,Total incidents,Per 1000 people,,Derived from CAA (unpublished); ABS National state and territory population - December,rate,SA,189.1
11A.4,"Incidents, responses, patients and transport",2024-25,Ambulance activity and resources,All ages,All people,All people,All areas,,Ambulance activity and resources,Response locations,With paid staff only,,,CAA (unpublished),no.,SA,49
11A.4,"Incidents, responses, patients and transport",2024-25,Ambulance activity and resources,All ages,All people,All people,All areas,,Ambulance activity and resources,Response locations,With mixed paid and volunteer staff,,,CAA (unpublished),no.,SA,1
11A.4,"Incidents, responses, patients and transport",2024-25,Ambulance activity and resources,All ages,All people,All people,All areas,,Ambulance activity and resources,Response locations,With volunteer staff only,,,CAA (unpublished),no.,SA,75
11A.4,"Incidents, responses, patients and transport",2024-25,Ambulance activity and resources,All ages,All people,All people,All areas,,Ambulance activity and resources,Response locations,Total response locations,,,Derived from CAA (unpublished),no.,SA,125
11A.4,"Incidents, responses, patients and transport",2024-25,Ambulance activity and resources,All ages,All people,All people,All areas,,Ambulance activity and resources,Response locations,Total response locations,Per 100000 people,,Derived from CAA (unpublished); ABS National state and territory population - December,rate,SA,6.6
11A.4,"Incidents, responses, patients and transport",2024-25,Ambulance activity and resources,All ages,All people,All people,All areas,,Ambulance activity and resources,First responder locations,Ambulance,,,CAA (unpublished),no.,SA,16
11A.4,"Incidents, responses, patients and transport",2024-25,Ambulance activity and resources,All ages,All people,All people,All areas,,Ambulance activity and resources,First responder locations,Third party,,,CAA (unpublished),no.,SA,9
11A.4,"Incidents, responses, patients and transport",2024-25,Ambulance activity and resources,All ages,All people,All people,All areas,,Ambulance activity and resources,Responses,Emergency responses,,,CAA (unpublished),no.,SA,271646
11A.4,"Incidents, responses, patients and transport",2024-25,Ambulance activity and resources,All ages,All people,All people,All areas,,Ambulance activity and resources,Responses,Urgent responses,,,CAA (unpublished),no.,SA,163459
11A.4,"Incidents, responses, patients and transport",2024-25,Ambulance activity and resources,All ages,All people,All people,All areas,,Ambulance activity and resources,Responses,Non-emergency responses,,,CAA (unpublished),no.,SA,72045
11A.4,"Incidents, responses, patients and transport",2024-25,Ambulance activity and resources,All ages,All people,All people,All areas,,Ambulance activity and resources,Responses,Total responses,,,Derived from CAA (unpublished),no.,SA,507150
11A.4,"Incidents, responses, patients and transport",2024-25,Ambulance activity and resources,All ages,All people,All people,All areas,,Ambulance activity and resources,Responses,Total responses,Per 1000 people,,Derived from CAA (unpublished); ABS National state and territory population - December,rate,SA,268.1
11A.4,"Incidents, responses, patients and transport",2024-25,Ambulance activity and resources,All ages,All people,All people,All areas,,Ambulance activity and resources,Patients,Transported,,,CAA (unpublished),no.,SA,289698
11A.4,"Incidents, responses, patients and transport",2024-25,Ambulance activity and resources,All ages,All people,All people,All areas,,Ambulance activity and resources,Patients,Treated not transported,,,CAA (unpublished),no.,SA,43778
11A.4,"Incidents, responses, patients and transport",2024-25,Ambulance activity and resources,All ages,All people,All people,All areas,,Ambulance activity and resources,Patients,Total patients,,,Derived from CAA (unpublished),no.,SA,333476
11A.4,"Incidents, responses, patients and transport",2024-25,Ambulance activity and resources,All ages,All people,All people,All areas,,Ambulance activity and resources,Patients,Total patients,Per 1000 people,,Derived from CAA (unpublished); ABS National state and territory population - December,rate,SA,176.3
11A.4,"Incidents, responses, patients and transport",2024-25,Ambulance activity and resources,All ages,All people,All people,All areas,,Ambulance activity and resources,Transport,Ambulance general purpose,,,CAA (unpublished),no.,SA,302
11A.4,"Incidents, responses, patients and transport",2024-25,Ambulance activity and resources,All ages,All people,All people,All areas,,Ambulance activity and resources,Transport,Patient transport vehicles,,,CAA (unpublished),no.,SA,34
11A.4,"Incidents, responses, patients and transport",2024-25,Ambulance activity and resources,All ages,All people,All people,All areas,,Ambulance activity and resources,Transport,Operational support vehicles,,,CAA (unpublished),no.,SA,128
11A.4,"Incidents, responses, patients and transport",2024-25,Ambulance activity and resources,All ages,All people,All people,All areas,,Ambulance activity and resources,Transport,Special operations vehicles,,,CAA (unpublished),no.,SA,45
11A.4,"Incidents, responses, patients and transport",2024-25,Ambulance activity and resources,All ages,All people,All people,All areas,,Ambulance activity and resources,Transport,Administrative and other vehicles,,,Derived from CAA (unpublished),no.,SA,44
11A.4,"Incidents, responses, patients and transport",2024-25,Ambulance activity and resources,All ages,All people,All people,All areas,,Ambulance activity and resources,Transport,Total transport,,,Derived from CAA (unpublished),no.,SA,553
11A.4,"Incidents, responses, patients and transport",2024-25,Ambulance activity and resources,All ages,All people,All people,All areas,,Ambulance activity and resources,Transport,Total road fleet,,,CAA (unpublished),m km,SA,15.2
11A.4,"Incidents, responses, patients and transport",2024-25,Ambulance activity and resources,All ages,All people,All people,All areas,,Ambulance activity and resources,Transport,Air ambulance aircraft,,,CAA (unpublished),no.,SA,9
11A.4,"Incidents, responses, patients and transport",2023-24,Ambulance activity and resources,All ages,All people,All people,All areas,,Ambulance activity and resources,Incidents,Emergency incidents,,,CAA (unpublished),no.,SA,171838
11A.4,"Incidents, responses, patients and transport",2023-24,Ambulance activity and resources,All ages,All people,All people,All areas,,Ambulance activity and resources,Incidents,Urgent incidents,,,CAA (unpublished),no.,SA,119458
11A.4,"Incidents, responses, patients and transport",2023-24,Ambulance activity and resources,All ages,All people,All people,All areas,,Ambulance activity and resources,Incidents,Non-emergency incidents,,,CAA (unpublished),no.,SA,49629
11A.4,"Incidents, responses, patients and transport",2023-24,Ambulance activity and resources,All ages,All people,All people,All areas,,Ambulance activity and resources,Incidents,Casualty room attendances,,,CAA (unpublished),no.,SA,0
11A.4,"Incidents, responses, patients and transport",2023-24,Ambulance activity and resources,All ages,All people,All people,All areas,,Ambulance activity and resources,Incidents,Total incidents,,,Derived from CAA (unpublished),no.,SA,340925
11A.4,"Incidents, responses, patients and transport",2023-24,Ambulance activity and resources,All ages,All people,All people,All areas,,Ambulance activity and resources,Incidents,Total incidents,Per 1000 people,,Derived from CAA (unpublished); ABS National state and territory population - December,rate,SA,182.7
11A.4,"Incidents, responses, patients and transport",2023-24,Ambulance activity and resources,All ages,All people,All people,All areas,,Ambulance activity and resources,Response locations,With paid staff only,,,CAA (unpublished),no.,SA,46
11A.4,"Incidents, responses, patients and transport",2023-24,Ambulance activity and resources,All ages,All people,All people,All areas,,Ambulance activity and resources,Response locations,With mixed paid and volunteer staff,,,CAA (unpublished),no.,SA,2
11A.4,"Incidents, responses, patients and transport",2023-24,Ambulance activity and resources,All ages,All people,All people,All areas,,Ambulance activity and resources,Response locations,With volunteer staff only,,,CAA (unpublished),no.,SA,74
11A.4,"Incidents, responses, patients and transport",2023-24,Ambulance activity and resources,All ages,All people,All people,All areas,,Ambulance activity and resources,Response locations,Total response locations,,,Derived from CAA (unpublished),no.,SA,122
11A.4,"Incidents, responses, patients and transport",2023-24,Ambulance activity and resources,All ages,All people,All people,All areas,,Ambulance activity and resources,Response locations,Total response locations,Per 100000 people,,Derived from CAA (unpublished); ABS National state and territory population - December,rate,SA,6.5
11A.4,"Incidents, responses, patients and transport",2023-24,Ambulance activity and resources,All ages,All people,All people,All areas,,Ambulance activity and resources,First responder locations,Ambulance,,,CAA (unpublished),no.,SA,12
11A.4,"Incidents, responses, patients and transport",2023-24,Ambulance activity and resources,All ages,All people,All people,All areas,,Ambulance activity and resources,First responder locations,Third party,,,CAA (unpublished),no.,SA,9
11A.4,"Incidents, responses, patients and transport",2023-24,Ambulance activity and resources,All ages,All people,All people,All areas,,Ambulance activity and resources,Responses,Emergency responses,,,CAA (unpublished),no.,SA,245863
11A.4,"Incidents, responses, patients and transport",2023-24,Ambulance activity and resources,All ages,All people,All people,All areas,,Ambulance activity and resources,Responses,Urgent responses,,,CAA (unpublished),no.,SA,164641
11A.4,"Incidents, responses, patients and transport",2023-24,Ambulance activity and resources,All ages,All people,All people,All areas,,Ambulance activity and resources,Responses,Non-emergency responses,,,CAA (unpublished),no.,SA,64297
11A.4,"Incidents, responses, patients and transport",2023-24,Ambulance activity and resources,All ages,All people,All people,All areas,,Ambulance activity and resources,Responses,Total responses,,,Derived from CAA (unpublished),no.,SA,474801
11A.4,"Incidents, responses, patients and transport",2023-24,Ambulance activity and resources,All ages,All people,All people,All areas,,Ambulance activity and resources,Responses,Total responses,Per 1000 people,,Derived from CAA (unpublished); ABS National state and territory population - December,rate,SA,254.4
11A.4,"Incidents, responses, patients and transport",2023-24,Ambulance activity and resources,All ages,All people,All people,All areas,,Ambulance activity and resources,Patients,Transported,,,CAA (unpublished),no.,SA,276018
11A.4,"Incidents, responses, patients and transport",2023-24,Ambulance activity and resources,All ages,All people,All people,All areas,,Ambulance activity and resources,Patients,Treated not transported,,,CAA (unpublished),no.,SA,41782
11A.4,"Incidents, responses, patients and transport",2023-24,Ambulance activity and resources,All ages,All people,All people,All areas,,Ambulance activity and resources,Patients,Total patients,,,Derived from CAA (unpublished),no.,SA,317800
11A.4,"Incidents, responses, patients and transport",2023-24,Ambulance activity and resources,All ages,All people,All people,All areas,,Ambulance activity and resources,Patients,Total patients,Per 1000 people,,Derived from CAA (unpublished); ABS National state and territory population - December,rate,SA,170.3
11A.4,"Incidents, responses, patients and transport",2023-24,Ambulance activity and resources,All ages,All people,All people,All areas,,Ambulance activity and resources,Transport,Ambulance general purpose,,,CAA (unpublished),no.,SA,275
11A.4,"Incidents, responses, patients and transport",2023-24,Ambulance activity and resources,All ages,All people,All people,All areas,,Ambulance activity and resources,Transport,Patient transport vehicles,,,CAA (unpublished),no.,SA,24
11A.4,"Incidents, responses, patients and transport",2023-24,Ambulance activity and resources,All ages,All people,All people,All areas,,Ambulance activity and resources,Transport,Operational support vehicles,,,CAA (unpublished),no.,SA,124
11A.4,"Incidents, responses, patients and transport",2023-24,Ambulance activity and resources,All ages,All people,All people,All areas,,Ambulance activity and resources,Transport,Special operations vehicles,,,CAA (unpublished),no.,SA,41
11A.4,"Incidents, responses, patients and transport",2023-24,Ambulance activity and resources,All ages,All people,All people,All areas,,Ambulance activity and resources,Transport,Administrative and other vehicles,,,Derived from CAA (unpublished),no.,SA,44
11A.4,"Incidents, responses, patients and transport",2023-24,Ambulance activity and resources,All ages,All people,All people,All areas,,Ambulance activity and resources,Transport,Total transport,,,Derived from CAA (unpublished),no.,SA,508
11A.4,"Incidents, responses, patients and transport",2023-24,Ambulance activity and resources,All ages,All people,All people,All areas,,Ambulance activity and resources,Transport,Total road fleet,,,CAA (unpublished),m km,SA,14.1
11A.4,"Incidents, responses, patients and transport",2023-24,Ambulance activity and resources,All ages,All people,All people,All areas,,Ambulance activity and resources,Transport,Air ambulance aircraft,,,CAA (unpublished),no.,SA,9
11A.4,"Incidents, responses, patients and transport",2022-23,Ambulance activity and resources,All ages,All people,All people,All areas,,Ambulance activity and resources,Incidents,Emergency incidents,,,CAA (unpublished),no.,SA,171764
11A.4,"Incidents, responses, patients and transport",2022-23,Ambulance activity and resources,All ages,All people,All people,All areas,,Ambulance activity and resources,Incidents,Urgent incidents,,,CAA (unpublished),no.,SA,106567
11A.4,"Incidents, responses, patients and transport",2022-23,Ambulance activity and resources,All ages,All people,All people,All areas,,Ambulance activity and resources,Incidents,Non-emergency incidents,,,CAA (unpublished),no.,SA,42617
11A.4,"Incidents, responses, patients and transport",2022-23,Ambulance activity and resources,All ages,All people,All people,All areas,,Ambulance activity and resources,Incidents,Casualty room attendances,,,CAA (unpublished),no.,SA,0
11A.4,"Incidents, responses, patients and transport",2022-23,Ambulance activity and resources,All ages,All people,All people,All areas,,Ambulance activity and resources,Incidents,Total incidents,,,Derived from CAA (unpublished),no.,SA,320948
11A.4,"Incidents, responses, patients and transport",2022-23,Ambulance activity and resources,All ages,All people,All people,All areas,,Ambulance activity and resources,Incidents,Total incidents,Per 1000 people,,Derived from CAA (unpublished); ABS National state and territory population - December,rate,SA,175.0
11A.4,"Incidents, responses, patients and transport",2022-23,Ambulance activity and resources,All ages,All people,All people,All areas,,Ambulance activity and resources,Response locations,With paid staff only,,,CAA (unpublished),no.,SA,47
11A.4,"Incidents, responses, patients and transport",2022-23,Ambulance activity and resources,All ages,All people,All people,All areas,,Ambulance activity and resources,Response locations,With mixed paid and volunteer staff,,,CAA (unpublished),no.,SA,2
11A.4,"Incidents, responses, patients and transport",2022-23,Ambulance activity and resources,All ages,All people,All people,All areas,,Ambulance activity and resources,Response locations,With volunteer staff only,,,CAA (unpublished),no.,SA,72
11A.4,"Incidents, responses, patients and transport",2022-23,Ambulance activity and resources,All ages,All people,All people,All areas,,Ambulance activity and resources,Response locations,Total response locations,,,Derived from CAA (unpublished),no.,SA,121
11A.4,"Incidents, responses, patients and transport",2022-23,Ambulance activity and resources,All ages,All people,All people,All areas,,Ambulance activity and resources,Response locations,Total response locations,Per 100000 people,,Derived from CAA (unpublished); ABS National state and territory population - December,rate,SA,6.6
11A.4,"Incidents, responses, patients and transport",2022-23,Ambulance activity and resources,All ages,All people,All people,All areas,,Ambulance activity and resources,First responder locations,Ambulance,,,CAA (unpublished),no.,SA,1
11A.4,"Incidents, responses, patients and transport",2022-23,Ambulance activity and resources,All ages,All people,All people,All areas,,Ambulance activity and resources,First responder locations,Third party,,,CAA (unpublished),no.,SA,9
11A.4,"Incidents, responses, patients and transport",2022-23,Ambulance activity and resources,All ages,All people,All people,All areas,,Ambulance activity and resources,Responses,Emergency responses,,,CAA (unpublished),no.,SA,246014
11A.4,"Incidents, responses, patients and transport",2022-23,Ambulance activity and resources,All ages,All people,All people,All areas,,Ambulance activity and resources,Responses,Urgent responses,,,CAA (unpublished),no.,SA,146947
11A.4,"Incidents, responses, patients and transport",2022-23,Ambulance activity and resources,All ages,All people,All people,All areas,,Ambulance activity and resources,Responses,Non-emergency responses,,,CAA (unpublished),no.,SA,56115
11A.4,"Incidents, responses, patients and transport",2022-23,Ambulance activity and resources,All ages,All people,All people,All areas,,Ambulance activity and resources,Responses,Total responses,,,Derived from CAA (unpublished),no.,SA,449076
11A.4,"Incidents, responses, patients and transport",2022-23,Ambulance activity and resources,All ages,All people,All people,All areas,,Ambulance activity and resources,Responses,Total responses,Per 1000 people,,Derived from CAA (unpublished); ABS National state and territory population - December,rate,SA,244.8
11A.4,"Incidents, responses, patients and transport",2022-23,Ambulance activity and resources,All ages,All people,All people,All areas,,Ambulance activity and resources,Patients,Transported,,,CAA (unpublished),no.,SA,258140
11A.4,"Incidents, responses, patients and transport",2022-23,Ambulance activity and resources,All ages,All people,All people,All areas,,Ambulance activity and resources,Patients,Treated not transported,,,CAA (unpublished),no.,SA,40212
11A.4,"Incidents, responses, patients and transport",2022-23,Ambulance activity and resources,All ages,All people,All people,All areas,,Ambulance activity and resources,Patients,Total patients,,,Derived from CAA (unpublished),no.,SA,298352
11A.4,"Incidents, responses, patients and transport",2022-23,Ambulance activity and resources,All ages,All people,All people,All areas,,Ambulance activity and resources,Patients,Total patients,Per 1000 people,,Derived from CAA (unpublished); ABS National state and territory population - December,rate,SA,162.7
11A.4,"Incidents, responses, patients and transport",2022-23,Ambulance activity and resources,All ages,All people,All people,All areas,,Ambulance activity and resources,Transport,Ambulance general purpose,,,CAA (unpublished),no.,SA,265
11A.4,"Incidents, responses, patients and transport",2022-23,Ambulance activity and resources,All ages,All people,All people,All areas,,Ambulance activity and resources,Transport,Patient transport vehicles,,,CAA (unpublished),no.,SA,24
11A.4,"Incidents, responses, patients and transport",2022-23,Ambulance activity and resources,All ages,All people,All people,All areas,,Ambulance activity and resources,Transport,Operational support vehicles,,,CAA (unpublished),no.,SA,114
11A.4,"Incidents, responses, patients and transport",2022-23,Ambulance activity and resources,All ages,All people,All people,All areas,,Ambulance activity and resources,Transport,Special operations vehicles,,,CAA (unpublished),no.,SA,41
11A.4,"Incidents, responses, patients and transport",2022-23,Ambulance activity and resources,All ages,All people,All people,All areas,,Ambulance activity and resources,Transport,Administrative and other vehicles,,,Derived from CAA (unpublished),no.,SA,43
11A.4,"Incidents, responses, patients and transport",2022-23,Ambulance activity and resources,All ages,All people,All people,All areas,,Ambulance activity and resources,Transport,Total transport,,,Derived from CAA (unpublished),no.,SA,487
11A.4,"Incidents, responses, patients and transport",2022-23,Ambulance activity and resources,All ages,All people,All people,All areas,,Ambulance activity and resources,Transport,Total road fleet,,,CAA (unpublished),m km,SA,13.7
11A.4,"Incidents, responses, patients and transport",2022-23,Ambulance activity and resources,All ages,All people,All people,All areas,,Ambulance activity and resources,Transport,Air ambulance aircraft,,,CAA (unpublished),no.,SA,8
11A.4,"Incidents, responses, patients and transport",2021-22,Ambulance activity and resources,All ages,All people,All people,All areas,,Ambulance activity and resources,Incidents,Emergency incidents,,,CAA (unpublished),no.,SA,175072
11A.4,"Incidents, responses, patients and transport",2021-22,Ambulance activity and resources,All ages,All people,All people,All areas,,Ambulance activity and resources,Incidents,Urgent incidents,,,CAA (unpublished),no.,SA,99041
11A.4,"Incidents, responses, patients and transport",2021-22,Ambulance activity and resources,All ages,All people,All people,All areas,,Ambulance activity and resources,Incidents,Non-emergency incidents,,,CAA (unpublished),no.,SA,48432
11A.4,"Incidents, responses, patients and transport",2021-22,Ambulance activity and resources,All ages,All people,All people,All areas,,Ambulance activity and resources,Incidents,Casualty room attendances,,,CAA (unpublished),no.,SA,0
11A.4,"Incidents, responses, patients and transport",2021-22,Ambulance activity and resources,All ages,All people,All people,All areas,,Ambulance activity and resources,Incidents,Total incidents,,,Derived from CAA (unpublished),no.,SA,322545
11A.4,"Incidents, responses, patients and transport",2021-22,Ambulance activity and resources,All ages,All people,All people,All areas,,Ambulance activity and resources,Incidents,Total incidents,Per 1000 people,,Derived from CAA (unpublished); ABS National state and territory population - December,rate,SA,178.5
11A.4,"Incidents, responses, patients and transport",2021-22,Ambulance activity and resources,All ages,All people,All people,All areas,,Ambulance activity and resources,Response locations,With paid staff only,,,CAA (unpublished),no.,SA,46
11A.4,"Incidents, responses, patients and transport",2021-22,Ambulance activity and resources,All ages,All people,All people,All areas,,Ambulance activity and resources,Response locations,With mixed paid and volunteer staff,,,CAA (unpublished),no.,SA,1
11A.4,"Incidents, responses, patients and transport",2021-22,Ambulance activity and resources,All ages,All people,All people,All areas,,Ambulance activity and resources,Response locations,With volunteer staff only,,,CAA (unpublished),no.,SA,74
11A.4,"Incidents, responses, patients and transport",2021-22,Ambulance activity and resources,All ages,All people,All people,All areas,,Ambulance activity and resources,Response locations,Total response locations,,,Derived from CAA (unpublished),no.,SA,121
11A.4,"Incidents, responses, patients and transport",2021-22,Ambulance activity and resources,All ages,All people,All people,All areas,,Ambulance activity and resources,Response locations,Total response locations,Per 100000 people,,Derived from CAA (unpublished); ABS National state and territory population - December,rate,SA,6.7
11A.4,"Incidents, responses, patients and transport",2021-22,Ambulance activity and resources,All ages,All people,All people,All areas,,Ambulance activity and resources,First responder locations,Ambulance,,,CAA (unpublished),no.,SA,12
11A.4,"Incidents, responses, patients and transport",2021-22,Ambulance activity and resources,All ages,All people,All people,All areas,,Ambulance activity and resources,First responder locations,Third party,,,CAA (unpublished),no.,SA,12
11A.4,"Incidents, responses, patients and transport",2021-22,Ambulance activity and resources,All ages,All people,All people,All areas,,Ambulance activity and resources,Responses,Emergency responses,,,CAA (unpublished),no.,SA,253094
11A.4,"Incidents, responses, patients and transport",2021-22,Ambulance activity and resources,All ages,All people,All people,All areas,,Ambulance activity and resources,Responses,Urgent responses,,,CAA (unpublished),no.,SA,134239
11A.4,"Incidents, responses, patients and transport",2021-22,Ambulance activity and resources,All ages,All people,All people,All areas,,Ambulance activity and resources,Responses,Non-emergency responses,,,CAA (unpublished),no.,SA,63154
11A.4,"Incidents, responses, patients and transport",2021-22,Ambulance activity and resources,All ages,All people,All people,All areas,,Ambulance activity and resources,Responses,Total responses,,,Derived from CAA (unpublished),no.,SA,450487
11A.4,"Incidents, responses, patients and transport",2021-22,Ambulance activity and resources,All ages,All people,All people,All areas,,Ambulance activity and resources,Responses,Total responses,Per 1000 people,,Derived from CAA (unpublished); ABS National state and territory population - December,rate,SA,249.4
11A.4,"Incidents, responses, patients and transport",2021-22,Ambulance activity and resources,All ages,All people,All people,All areas,,Ambulance activity and resources,Patients,Transported,,,CAA (unpublished),no.,SA,259070
11A.4,"Incidents, responses, patients and transport",2021-22,Ambulance activity and resources,All ages,All people,All people,All areas,,Ambulance activity and resources,Patients,Treated not transported,,,CAA (unpublished),no.,SA,36391
11A.4,"Incidents, responses, patients and transport",2021-22,Ambulance activity and resources,All ages,All people,All people,All areas,,Ambulance activity and resources,Patients,Total patients,,,Derived from CAA (unpublished),no.,SA,295461
11A.4,"Incidents, responses, patients and transport",2021-22,Ambulance activity and resources,All ages,All people,All people,All areas,,Ambulance activity and resources,Patients,Total patients,Per 1000 people,,Derived from CAA (unpublished); ABS National state and territory population - December,rate,SA,163.5
11A.4,"Incidents, responses, patients and transport",2021-22,Ambulance activity and resources,All ages,All people,All people,All areas,,Ambulance activity and resources,Transport,Ambulance general purpose,,,CAA (unpublished),no.,SA,276
11A.4,"Incidents, responses, patients and transport",2021-22,Ambulance activity and resources,All ages,All people,All people,All areas,,Ambulance activity and resources,Transport,Patient transport vehicles,,,CAA (unpublished),no.,SA,30
11A.4,"Incidents, responses, patients and transport",2021-22,Ambulance activity and resources,All ages,All people,All people,All areas,,Ambulance activity and resources,Transport,Operational support vehicles,,,CAA (unpublished),no.,SA,101
11A.4,"Incidents, responses, patients and transport",2021-22,Ambulance activity and resources,All ages,All people,All people,All areas,,Ambulance activity and resources,Transport,Special operations vehicles,,,CAA (unpublished),no.,SA,45
11A.4,"Incidents, responses, patients and transport",2021-22,Ambulance activity and resources,All ages,All people,All people,All areas,,Ambulance activity and resources,Transport,Administrative and other vehicles,,,Derived from CAA (unpublished),no.,SA,47
11A.4,"Incidents, responses, patients and transport",2021-22,Ambulance activity and resources,All ages,All people,All people,All areas,,Ambulance activity and resources,Transport,Total transport,,,Derived from CAA (unpublished),no.,SA,499
11A.4,"Incidents, responses, patients and transport",2021-22,Ambulance activity and resources,All ages,All people,All people,All areas,,Ambulance activity and resources,Transport,Total road fleet,,,CAA (unpublished),m km,SA,13.9
11A.4,"Incidents, responses, patients and transport",2021-22,Ambulance activity and resources,All ages,All people,All people,All areas,,Ambulance activity and resources,Transport,Air ambulance aircraft,,,CAA (unpublished),no.,SA,8
11A.4,"Incidents, responses, patients and transport",2020-21,Ambulance activity and resources,All ages,All people,All people,All areas,,Ambulance activity and resources,Incidents,Emergency incidents,,,CAA (unpublished),no.,SA,167305
11A.4,"Incidents, responses, patients and transport",2020-21,Ambulance activity and resources,All ages,All people,All people,All areas,,Ambulance activity and resources,Incidents,Urgent incidents,,,CAA (unpublished),no.,SA,106714
11A.4,"Incidents, responses, patients and transport",2020-21,Ambulance activity and resources,All ages,All people,All people,All areas,,Ambulance activity and resources,Incidents,Non-emergency incidents,,,CAA (unpublished),no.,SA,46231
11A.4,"Incidents, responses, patients and transport",2020-21,Ambulance activity and resources,All ages,All people,All people,All areas,,Ambulance activity and resources,Incidents,Casualty room attendances,,,CAA (unpublished),no.,SA,..
11A.4,"Incidents, responses, patients and transport",2020-21,Ambulance activity and resources,All ages,All people,All people,All areas,,Ambulance activity and resources,Incidents,Total incidents,,,Derived from CAA (unpublished),no.,SA,320250
11A.4,"Incidents, responses, patients and transport",2020-21,Ambulance activity and resources,All ages,All people,All people,All areas,,Ambulance activity and resources,Incidents,Total incidents,Per 1000 people,,Derived from CAA (unpublished); ABS National state and territory population - December,rate,SA,178.5
11A.4,"Incidents, responses, patients and transport",2020-21,Ambulance activity and resources,All ages,All people,All people,All areas,,Ambulance activity and resources,Response locations,With paid staff only,,,CAA (unpublished),no.,SA,44
11A.4,"Incidents, responses, patients and transport",2020-21,Ambulance activity and resources,All ages,All people,All people,All areas,,Ambulance activity and resources,Response locations,With mixed paid and volunteer staff,,,CAA (unpublished),no.,SA,3
11A.4,"Incidents, responses, patients and transport",2020-21,Ambulance activity and resources,All ages,All people,All people,All areas,,Ambulance activity and resources,Response locations,With volunteer staff only,,,CAA (unpublished),no.,SA,68
11A.4,"Incidents, responses, patients and transport",2020-21,Ambulance activity and resources,All ages,All people,All people,All areas,,Ambulance activity and resources,Response locations,Total response locations,,,Derived from CAA (unpublished),no.,SA,115
11A.4,"Incidents, responses, patients and transport",2020-21,Ambulance activity and resources,All ages,All people,All people,All areas,,Ambulance activity and resources,Response locations,Total response locations,Per 100000 people,,Derived from CAA (unpublished); ABS National state and territory population - December,rate,SA,6.4
11A.4,"Incidents, responses, patients and transport",2020-21,Ambulance activity and resources,All ages,All people,All people,All areas,,Ambulance activity and resources,First responder locations,Ambulance,,,CAA (unpublished),no.,SA,12
11A.4,"Incidents, responses, patients and transport",2020-21,Ambulance activity and resources,All ages,All people,All people,All areas,,Ambulance activity and resources,First responder locations,Third party,,,CAA (unpublished),no.,SA,15
11A.4,"Incidents, responses, patients and transport",2020-21,Ambulance activity and resources,All ages,All people,All people,All areas,,Ambulance activity and resources,Responses,Emergency responses,,,CAA (unpublished),no.,SA,249352
11A.4,"Incidents, responses, patients and transport",2020-21,Ambulance activity and resources,All ages,All people,All people,All areas,,Ambulance activity and resources,Responses,Urgent responses,,,CAA (unpublished),no.,SA,147608
11A.4,"Incidents, responses, patients and transport",2020-21,Ambulance activity and resources,All ages,All people,All people,All areas,,Ambulance activity and resources,Responses,Non-emergency responses,,,CAA (unpublished),no.,SA,61551
11A.4,"Incidents, responses, patients and transport",2020-21,Ambulance activity and resources,All ages,All people,All people,All areas,,Ambulance activity and resources,Responses,Total responses,,,Derived from CAA (unpublished),no.,SA,458511
11A.4,"Incidents, responses, patients and transport",2020-21,Ambulance activity and resources,All ages,All people,All people,All areas,,Ambulance activity and resources,Responses,Total responses,Per 1000 people,,Derived from CAA (unpublished); ABS National state and territory population - December,rate,SA,255.5
11A.4,"Incidents, responses, patients and transport",2020-21,Ambulance activity and resources,All ages,All people,All people,All areas,,Ambulance activity and resources,Patients,Transported,,,CAA (unpublished),no.,SA,275915
11A.4,"Incidents, responses, patients and transport",2020-21,Ambulance activity and resources,All ages,All people,All people,All areas,,Ambulance activity and resources,Patients,Treated not transported,,,CAA (unpublished),no.,SA,28072
11A.4,"Incidents, responses, patients and transport",2020-21,Ambulance activity and resources,All ages,All people,All people,All areas,,Ambulance activity and resources,Patients,Total patients,,,Derived from CAA (unpublished),no.,SA,303987
11A.4,"Incidents, responses, patients and transport",2020-21,Ambulance activity and resources,All ages,All people,All people,All areas,,Ambulance activity and resources,Patients,Total patients,Per 1000 people,,Derived from CAA (unpublished); ABS National state and territory population - December,rate,SA,169.4
11A.4,"Incidents, responses, patients and transport",2020-21,Ambulance activity and resources,All ages,All people,All people,All areas,,Ambulance activity and resources,Transport,Ambulance general purpose,,,CAA (unpublished),no.,SA,263
11A.4,"Incidents, responses, patients and transport",2020-21,Ambulance activity and resources,All ages,All people,All people,All areas,,Ambulance activity and resources,Transport,Patient transport vehicles,,,CAA (unpublished),no.,SA,20
11A.4,"Incidents, responses, patients and transport",2020-21,Ambulance activity and resources,All ages,All people,All people,All areas,,Ambulance activity and resources,Transport,Operational support vehicles,,,CAA (unpublished),no.,SA,106
11A.4,"Incidents, responses, patients and transport",2020-21,Ambulance activity and resources,All ages,All people,All people,All areas,,Ambulance activity and resources,Transport,Special operations vehicles,,,CAA (unpublished),no.,SA,49
11A.4,"Incidents, responses, patients and transport",2020-21,Ambulance activity and resources,All ages,All people,All people,All areas,,Ambulance activity and resources,Transport,Administrative and other vehicles,,,Derived from CAA (unpublished),no.,SA,42
11A.4,"Incidents, responses, patients and transport",2020-21,Ambulance activity and resources,All ages,All people,All people,All areas,,Ambulance activity and resources,Transport,Total transport,,,Derived from CAA (unpublished),no.,SA,480
11A.4,"Incidents, responses, patients and transport",2020-21,Ambulance activity and resources,All ages,All people,All people,All areas,,Ambulance activity and resources,Transport,Total road fleet,,,CAA (unpublished),m km,SA,13.7
11A.4,"Incidents, responses, patients and transport",2020-21,Ambulance activity and resources,All ages,All people,All people,All areas,,Ambulance activity and resources,Transport,Air ambulance aircraft,,,CAA (unpublished),no.,SA,8
11A.4,"Incidents, responses, patients and transport",2019-20,Ambulance activity and resources,All ages,All people,All people,All areas,,Ambulance activity and resources,Incidents,Emergency incidents,,,CAA (unpublished),no.,SA,150335
11A.4,"Incidents, responses, patients and transport",2019-20,Ambulance activity and resources,All ages,All people,All people,All areas,,Ambulance activity and resources,Incidents,Urgent incidents,,,CAA (unpublished),no.,SA,108668
11A.4,"Incidents, responses, patients and transport",2019-20,Ambulance activity and resources,All ages,All people,All people,All areas,,Ambulance activity and resources,Incidents,Non-emergency incidents,,,CAA (unpublished),no.,SA,47527
11A.4,"Incidents, responses, patients and transport",2019-20,Ambulance activity and resources,All ages,All people,All people,All areas,,Ambulance activity and resources,Incidents,Casualty room attendances,,,CAA (unpublished),no.,SA,..
11A.4,"Incidents, responses, patients and transport",2019-20,Ambulance activity and resources,All ages,All people,All people,All areas,,Ambulance activity and resources,Incidents,Total incidents,,,Derived from CAA (unpublished),no.,SA,306530
11A.4,"Incidents, responses, patients and transport",2019-20,Ambulance activity and resources,All ages,All people,All people,All areas,,Ambulance activity and resources,Incidents,Total incidents,Per 1000 people,,Derived from CAA (unpublished); ABS National state and territory population - December,rate,SA,172.3
11A.4,"Incidents, responses, patients and transport",2019-20,Ambulance activity and resources,All ages,All people,All people,All areas,,Ambulance activity and resources,Response locations,With paid staff only,,,CAA (unpublished),no.,SA,45
11A.4,"Incidents, responses, patients and transport",2019-20,Ambulance activity and resources,All ages,All people,All people,All areas,,Ambulance activity and resources,Response locations,With mixed paid and volunteer staff,,,CAA (unpublished),no.,SA,3
11A.4,"Incidents, responses, patients and transport",2019-20,Ambulance activity and resources,All ages,All people,All people,All areas,,Ambulance activity and resources,Response locations,With volunteer staff only,,,CAA (unpublished),no.,SA,71
11A.4,"Incidents, responses, patients and transport",2019-20,Ambulance activity and resources,All ages,All people,All people,All areas,,Ambulance activity and resources,Response locations,Total response locations,,,Derived from CAA (unpublished),no.,SA,119
11A.4,"Incidents, responses, patients and transport",2019-20,Ambulance activity and resources,All ages,All people,All people,All areas,,Ambulance activity and resources,Response locations,Total response locations,Per 100000 people,,Derived from CAA (unpublished); ABS National state and territory population - December,rate,SA,6.7
11A.4,"Incidents, responses, patients and transport",2019-20,Ambulance activity and resources,All ages,All people,All people,All areas,,Ambulance activity and resources,First responder locations,Ambulance,,,CAA (unpublished),no.,SA,9
11A.4,"Incidents, responses, patients and transport",2019-20,Ambulance activity and resources,All ages,All people,All people,All areas,,Ambulance activity and resources,First responder locations,Third party,,,CAA (unpublished),no.,SA,13
11A.4,"Incidents, responses, patients and transport",2019-20,Ambulance activity and resources,All ages,All people,All people,All areas,,Ambulance activity and resources,Responses,Emergency responses,,,CAA (unpublished),no.,SA,218345
11A.4,"Incidents, responses, patients and transport",2019-20,Ambulance activity and resources,All ages,All people,All people,All areas,,Ambulance activity and resources,Responses,Urgent responses,,,CAA (unpublished),no.,SA,145303
11A.4,"Incidents, responses, patients and transport",2019-20,Ambulance activity and resources,All ages,All people,All people,All areas,,Ambulance activity and resources,Responses,Non-emergency responses,,,CAA (unpublished),no.,SA,62590
11A.4,"Incidents, responses, patients and transport",2019-20,Ambulance activity and resources,All ages,All people,All people,All areas,,Ambulance activity and resources,Responses,Total responses,,,Derived from CAA (unpublished),no.,SA,426238
11A.4,"Incidents, responses, patients and transport",2019-20,Ambulance activity and resources,All ages,All people,All people,All areas,,Ambulance activity and resources,Responses,Total responses,Per 1000 people,,Derived from CAA (unpublished); ABS National state and territory population - December,rate,SA,239.6
11A.4,"Incidents, responses, patients and transport",2019-20,Ambulance activity and resources,All ages,All people,All people,All areas,,Ambulance activity and resources,Patients,Transported,,,CAA (unpublished),no.,SA,269972
11A.4,"Incidents, responses, patients and transport",2019-20,Ambulance activity and resources,All ages,All people,All people,All areas,,Ambulance activity and resources,Patients,Treated not transported,,,CAA (unpublished),no.,SA,24044
11A.4,"Incidents, responses, patients and transport",2019-20,Ambulance activity and resources,All ages,All people,All people,All areas,,Ambulance activity and resources,Patients,Total patients,,,Derived from CAA (unpublished),no.,SA,294016
11A.4,"Incidents, responses, patients and transport",2019-20,Ambulance activity and resources,All ages,All people,All people,All areas,,Ambulance activity and resources,Patients,Total patients,Per 1000 people,,Derived from CAA (unpublished); ABS National state and territory population - December,rate,SA,165.3
11A.4,"Incidents, responses, patients and transport",2019-20,Ambulance activity and resources,All ages,All people,All people,All areas,,Ambulance activity and resources,Transport,Ambulance general purpose,,,CAA (unpublished),no.,SA,250
11A.4,"Incidents, responses, patients and transport",2019-20,Ambulance activity and resources,All ages,All people,All people,All areas,,Ambulance activity and resources,Transport,Patient transport vehicles,,,CAA (unpublished),no.,SA,22
11A.4,"Incidents, responses, patients and transport",2019-20,Ambulance activity and resources,All ages,All people,All people,All areas,,Ambulance activity and resources,Transport,Operational support vehicles,,,CAA (unpublished),no.,SA,107
11A.4,"Incidents, responses, patients and transport",2019-20,Ambulance activity and resources,All ages,All people,All people,All areas,,Ambulance activity and resources,Transport,Special operations vehicles,,,CAA (unpublished),no.,SA,47
11A.4,"Incidents, responses, patients and transport",2019-20,Ambulance activity and resources,All ages,All people,All people,All areas,,Ambulance activity and resources,Transport,Administrative and other vehicles,,,Derived from CAA (unpublished),no.,SA,53
11A.4,"Incidents, responses, patients and transport",2019-20,Ambulance activity and resources,All ages,All people,All people,All areas,,Ambulance activity and resources,Transport,Total transport,,,Derived from CAA (unpublished),no.,SA,479
11A.4,"Incidents, responses, patients and transport",2019-20,Ambulance activity and resources,All ages,All people,All people,All areas,,Ambulance activity and resources,Transport,Total road fleet,,,CAA (unpublished),m km,SA,13.4
11A.4,"Incidents, responses, patients and transport",2019-20,Ambulance activity and resources,All ages,All people,All people,All areas,,Ambulance activity and resources,Transport,Air ambulance aircraft,,,CAA (unpublished),no.,SA,8
11A.4,"Incidents, responses, patients and transport",2018-19,Ambulance activity and resources,All ages,All people,All people,All areas,,Ambulance activity and resources,Incidents,Emergency incidents,,,CAA (unpublished),no.,SA,148070
11A.4,"Incidents, responses, patients and transport",2018-19,Ambulance activity and resources,All ages,All people,All people,All areas,,Ambulance activity and resources,Incidents,Urgent incidents,,,CAA (unpublished),no.,SA,108406
11A.4,"Incidents, responses, patients and transport",2018-19,Ambulance activity and resources,All ages,All people,All people,All areas,,Ambulance activity and resources,Incidents,Non-emergency incidents,,,CAA (unpublished),no.,SA,49108
11A.4,"Incidents, responses, patients and transport",2018-19,Ambulance activity and resources,All ages,All people,All people,All areas,,Ambulance activity and resources,Incidents,Casualty room attendances,,,CAA (unpublished),no.,SA,..
11A.4,"Incidents, responses, patients and transport",2018-19,Ambulance activity and resources,All ages,All people,All people,All areas,,Ambulance activity and resources,Incidents,Total incidents,,,Derived from CAA (unpublished),no.,SA,305584
11A.4,"Incidents, responses, patients and transport",2018-19,Ambulance activity and resources,All ages,All people,All people,All areas,,Ambulance activity and resources,Incidents,Total incidents,Per 1000 people,,Derived from CAA (unpublished); ABS National state and territory population - December,rate,SA,174.1
11A.4,"Incidents, responses, patients and transport",2018-19,Ambulance activity and resources,All ages,All people,All people,All areas,,Ambulance activity and resources,Response locations,With paid staff only,,,CAA (unpublished),no.,SA,47
11A.4,"Incidents, responses, patients and transport",2018-19,Ambulance activity and resources,All ages,All people,All people,All areas,,Ambulance activity and resources,Response locations,With mixed paid and volunteer staff,,,CAA (unpublished),no.,SA,3
11A.4,"Incidents, responses, patients and transport",2018-19,Ambulance activity and resources,All ages,All people,All people,All areas,,Ambulance activity and resources,Response locations,With volunteer staff only,,,CAA (unpublished),no.,SA,72
11A.4,"Incidents, responses, patients and transport",2018-19,Ambulance activity and resources,All ages,All people,All people,All areas,,Ambulance activity and resources,Response locations,Total response locations,,,Derived from CAA (unpublished),no.,SA,122
11A.4,"Incidents, responses, patients and transport",2018-19,Ambulance activity and resources,All ages,All people,All people,All areas,,Ambulance activity and resources,Response locations,Total response locations,Per 100000 people,,Derived from CAA (unpublished); ABS National state and territory population - December,rate,SA,6.9
11A.4,"Incidents, responses, patients and transport",2018-19,Ambulance activity and resources,All ages,All people,All people,All areas,,Ambulance activity and resources,First responder locations,Ambulance,,,CAA (unpublished),no.,SA,10
11A.4,"Incidents, responses, patients and transport",2018-19,Ambulance activity and resources,All ages,All people,All people,All areas,,Ambulance activity and resources,First responder locations,Third party,,,CAA (unpublished),no.,SA,13
11A.4,"Incidents, responses, patients and transport",2018-19,Ambulance activity and resources,All ages,All people,All people,All areas,,Ambulance activity and resources,Responses,Emergency responses,,,CAA (unpublished),no.,SA,212614
11A.4,"Incidents, responses, patients and transport",2018-19,Ambulance activity and resources,All ages,All people,All people,All areas,,Ambulance activity and resources,Responses,Urgent responses,,,CAA (unpublished),no.,SA,146873
11A.4,"Incidents, responses, patients and transport",2018-19,Ambulance activity and resources,All ages,All people,All people,All areas,,Ambulance activity and resources,Responses,Non-emergency responses,,,CAA (unpublished),no.,SA,65960
11A.4,"Incidents, responses, patients and transport",2018-19,Ambulance activity and resources,All ages,All people,All people,All areas,,Ambulance activity and resources,Responses,Total responses,,,Derived from CAA (unpublished),no.,SA,425447
11A.4,"Incidents, responses, patients and transport",2018-19,Ambulance activity and resources,All ages,All people,All people,All areas,,Ambulance activity and resources,Responses,Total responses,Per 1000 people,,Derived from CAA (unpublished); ABS National state and territory population - December,rate,SA,242.3
11A.4,"Incidents, responses, patients and transport",2018-19,Ambulance activity and resources,All ages,All people,All people,All areas,,Ambulance activity and resources,Patients,Transported,,,CAA (unpublished),no.,SA,269405
11A.4,"Incidents, responses, patients and transport",2018-19,Ambulance activity and resources,All ages,All people,All people,All areas,,Ambulance activity and resources,Patients,Treated not transported,,,CAA (unpublished),no.,SA,23748
11A.4,"Incidents, responses, patients and transport",2018-19,Ambulance activity and resources,All ages,All people,All people,All areas,,Ambulance activity and resources,Patients,Total patients,,,Derived from CAA (unpublished),no.,SA,293153
11A.4,"Incidents, responses, patients and transport",2018-19,Ambulance activity and resources,All ages,All people,All people,All areas,,Ambulance activity and resources,Patients,Total patients,Per 1000 people,,Derived from CAA (unpublished); ABS National state and territory population - December,rate,SA,167.0
11A.4,"Incidents, responses, patients and transport",2018-19,Ambulance activity and resources,All ages,All people,All people,All areas,,Ambulance activity and resources,Transport,Ambulance general purpose,,,CAA (unpublished),no.,SA,254
11A.4,"Incidents, responses, patients and transport",2018-19,Ambulance activity and resources,All ages,All people,All people,All areas,,Ambulance activity and resources,Transport,Patient transport vehicles,,,CAA (unpublished),no.,SA,19
11A.4,"Incidents, responses, patients and transport",2018-19,Ambulance activity and resources,All ages,All people,All people,All areas,,Ambulance activity and resources,Transport,Operational support vehicles,,,CAA (unpublished),no.,SA,101
11A.4,"Incidents, responses, patients and transport",2018-19,Ambulance activity and resources,All ages,All people,All people,All areas,,Ambulance activity and resources,Transport,Special operations vehicles,,,CAA (unpublished),no.,SA,45
11A.4,"Incidents, responses, patients and transport",2018-19,Ambulance activity and resources,All ages,All people,All people,All areas,,Ambulance activity and resources,Transport,Administrative and other vehicles,,,Derived from CAA (unpublished),no.,SA,46
11A.4,"Incidents, responses, patients and transport",2018-19,Ambulance activity and resources,All ages,All people,All people,All areas,,Ambulance activity and resources,Transport,Total transport,,,Derived from CAA (unpublished),no.,SA,465
11A.4,"Incidents, responses, patients and transport",2018-19,Ambulance activity and resources,All ages,All people,All people,All areas,,Ambulance activity and resources,Transport,Total road fleet,,,CAA (unpublished),m km,SA,13.7
11A.4,"Incidents, responses, patients and transport",2018-19,Ambulance activity and resources,All ages,All people,All people,All areas,,Ambulance activity and resources,Transport,Air ambulance aircraft,,,CAA (unpublished),no.,SA,8
11A.4,"Incidents, responses, patients and transport",2017-18,Ambulance activity and resources,All ages,All people,All people,All areas,,Ambulance activity and resources,Incidents,Emergency incidents,,,CAA (unpublished),no.,SA,141198
11A.4,"Incidents, responses, patients and transport",2017-18,Ambulance activity and resources,All ages,All people,All people,All areas,,Ambulance activity and resources,Incidents,Urgent incidents,,,CAA (unpublished),no.,SA,101690
11A.4,"Incidents, responses, patients and transport",2017-18,Ambulance activity and resources,All ages,All people,All people,All areas,,Ambulance activity and resources,Incidents,Non-emergency incidents,,,CAA (unpublished),no.,SA,51680
11A.4,"Incidents, responses, patients and transport",2017-18,Ambulance activity and resources,All ages,All people,All people,All areas,,Ambulance activity and resources,Incidents,Casualty room attendances,,,CAA (unpublished),no.,SA,..
11A.4,"Incidents, responses, patients and transport",2017-18,Ambulance activity and resources,All ages,All people,All people,All areas,,Ambulance activity and resources,Incidents,Total incidents,,,Derived from CAA (unpublished),no.,SA,294568
11A.4,"Incidents, responses, patients and transport",2017-18,Ambulance activity and resources,All ages,All people,All people,All areas,,Ambulance activity and resources,Incidents,Total incidents,Per 1000 people,,Derived from CAA (unpublished); ABS National state and territory population - December,rate,SA,169.7
11A.4,"Incidents, responses, patients and transport",2017-18,Ambulance activity and resources,All ages,All people,All people,All areas,,Ambulance activity and resources,Response locations,With paid staff only,,,CAA (unpublished),no.,SA,44
11A.4,"Incidents, responses, patients and transport",2017-18,Ambulance activity and resources,All ages,All people,All people,All areas,,Ambulance activity and resources,Response locations,With mixed paid and volunteer staff,,,CAA (unpublished),no.,SA,3
11A.4,"Incidents, responses, patients and transport",2017-18,Ambulance activity and resources,All ages,All people,All people,All areas,,Ambulance activity and resources,Response locations,With volunteer staff only,,,CAA (unpublished),no.,SA,74
11A.4,"Incidents, responses, patients and transport",2017-18,Ambulance activity and resources,All ages,All people,All people,All areas,,Ambulance activity and resources,Response locations,Total response locations,,,Derived from CAA (unpublished),no.,SA,121
11A.4,"Incidents, responses, patients and transport",2017-18,Ambulance activity and resources,All ages,All people,All people,All areas,,Ambulance activity and resources,Response locations,Total response locations,Per 100000 people,,Derived from CAA (unpublished); ABS National state and territory population - December,rate,SA,7.0
11A.4,"Incidents, responses, patients and transport",2017-18,Ambulance activity and resources,All ages,All people,All people,All areas,,Ambulance activity and resources,First responder locations,Ambulance,,,CAA (unpublished),no.,SA,10
11A.4,"Incidents, responses, patients and transport",2017-18,Ambulance activity and resources,All ages,All people,All people,All areas,,Ambulance activity and resources,First responder locations,Third party,,,CAA (unpublished),no.,SA,13
11A.4,"Incidents, responses, patients and transport",2017-18,Ambulance activity and resources,All ages,All people,All people,All areas,,Ambulance activity and resources,Responses,Emergency responses,,,CAA (unpublished),no.,SA,197978
11A.4,"Incidents, responses, patients and transport",2017-18,Ambulance activity and resources,All ages,All people,All people,All areas,,Ambulance activity and resources,Responses,Urgent responses,,,CAA (unpublished),no.,SA,135685
11A.4,"Incidents, responses, patients and transport",2017-18,Ambulance activity and resources,All ages,All people,All people,All areas,,Ambulance activity and resources,Responses,Non-emergency responses,,,CAA (unpublished),no.,SA,69978
11A.4,"Incidents, responses, patients and transport",2017-18,Ambulance activity and resources,All ages,All people,All people,All areas,,Ambulance activity and resources,Responses,Total responses,,,Derived from CAA (unpublished),no.,SA,403641
11A.4,"Incidents, responses, patients and transport",2017-18,Ambulance activity and resources,All ages,All people,All people,All areas,,Ambulance activity and resources,Responses,Total responses,Per 1000 people,,Derived from CAA (unpublished); ABS National state and territory population - December,rate,SA,232.6
11A.4,"Incidents, responses, patients and transport",2017-18,Ambulance activity and resources,All ages,All people,All people,All areas,,Ambulance activity and resources,Patients,Transported,,,CAA (unpublished),no.,SA,255922
11A.4,"Incidents, responses, patients and transport",2017-18,Ambulance activity and resources,All ages,All people,All people,All areas,,Ambulance activity and resources,Patients,Treated not transported,,,CAA (unpublished),no.,SA,23505
11A.4,"Incidents, responses, patients and transport",2017-18,Ambulance activity and resources,All ages,All people,All people,All areas,,Ambulance activity and resources,Patients,Total patients,,,Derived from CAA (unpublished),no.,SA,279427
11A.4,"Incidents, responses, patients and transport",2017-18,Ambulance activity and resources,All ages,All people,All people,All areas,,Ambulance activity and resources,Patients,Total patients,Per 1000 people,,Derived from CAA (unpublished); ABS National state and territory population - December,rate,SA,161.0
11A.4,"Incidents, responses, patients and transport",2017-18,Ambulance activity and resources,All ages,All people,All people,All areas,,Ambulance activity and resources,Transport,Ambulance general purpose,,,CAA (unpublished),no.,SA,258
11A.4,"Incidents, responses, patients and transport",2017-18,Ambulance activity and resources,All ages,All people,All people,All areas,,Ambulance activity and resources,Transport,Patient transport vehicles,,,CAA (unpublished),no.,SA,24
11A.4,"Incidents, responses, patients and transport",2017-18,Ambulance activity and resources,All ages,All people,All people,All areas,,Ambulance activity and resources,Transport,Operational support vehicles,,,CAA (unpublished),no.,SA,98
11A.4,"Incidents, responses, patients and transport",2017-18,Ambulance activity and resources,All ages,All people,All people,All areas,,Ambulance activity and resources,Transport,Special operations vehicles,,,CAA (unpublished),no.,SA,42
11A.4,"Incidents, responses, patients and transport",2017-18,Ambulance activity and resources,All ages,All people,All people,All areas,,Ambulance activity and resources,Transport,Administrative and other vehicles,,,Derived from CAA (unpublished),no.,SA,33
11A.4,"Incidents, responses, patients and transport",2017-18,Ambulance activity and resources,All ages,All people,All people,All areas,,Ambulance activity and resources,Transport,Total transport,,,Derived from CAA (unpublished),no.,SA,455
11A.4,"Incidents, responses, patients and transport",2017-18,Ambulance activity and resources,All ages,All people,All people,All areas,,Ambulance activity and resources,Transport,Total road fleet,,,CAA (unpublished),m km,SA,13.2
11A.4,"Incidents, responses, patients and transport",2017-18,Ambulance activity and resources,All ages,All people,All people,All areas,,Ambulance activity and resources,Transport,Air ambulance aircraft,,,CAA (unpublished),no.,SA,8
11A.4,"Incidents, responses, patients and transport",2016-17,Ambulance activity and resources,All ages,All people,All people,All areas,,Ambulance activity and resources,Incidents,Emergency incidents,,,CAA (unpublished),no.,SA,138420
11A.4,"Incidents, responses, patients and transport",2016-17,Ambulance activity and resources,All ages,All people,All people,All areas,,Ambulance activity and resources,Incidents,Urgent incidents,,,CAA (unpublished),no.,SA,91416
11A.4,"Incidents, responses, patients and transport",2016-17,Ambulance activity and resources,All ages,All people,All people,All areas,,Ambulance activity and resources,Incidents,Non-emergency incidents,,,CAA (unpublished),no.,SA,59389
11A.4,"Incidents, responses, patients and transport",2016-17,Ambulance activity and resources,All ages,All people,All people,All areas,,Ambulance activity and resources,Incidents,Casualty room attendances,,,CAA (unpublished),no.,SA,..
11A.4,"Incidents, responses, patients and transport",2016-17,Ambulance activity and resources,All ages,All people,All people,All areas,,Ambulance activity and resources,Incidents,Total incidents,,,Derived from CAA (unpublished),no.,SA,289225
11A.4,"Incidents, responses, patients and transport",2016-17,Ambulance activity and resources,All ages,All people,All people,All areas,,Ambulance activity and resources,Incidents,Total incidents,Per 1000 people,,Derived from CAA (unpublished); ABS National state and territory population - December,rate,SA,168.2
11A.4,"Incidents, responses, patients and transport",2016-17,Ambulance activity and resources,All ages,All people,All people,All areas,,Ambulance activity and resources,Response locations,With paid staff only,,,CAA (unpublished),no.,SA,43
11A.4,"Incidents, responses, patients and transport",2016-17,Ambulance activity and resources,All ages,All people,All people,All areas,,Ambulance activity and resources,Response locations,With mixed paid and volunteer staff,,,CAA (unpublished),no.,SA,3
11A.4,"Incidents, responses, patients and transport",2016-17,Ambulance activity and resources,All ages,All people,All people,All areas,,Ambulance activity and resources,Response locations,With volunteer staff only,,,CAA (unpublished),no.,SA,73
11A.4,"Incidents, responses, patients and transport",2016-17,Ambulance activity and resources,All ages,All people,All people,All areas,,Ambulance activity and resources,Response locations,Total response locations,,,Derived from CAA (unpublished),no.,SA,119
11A.4,"Incidents, responses, patients and transport",2016-17,Ambulance activity and resources,All ages,All people,All people,All areas,,Ambulance activity and resources,Response locations,Total response locations,Per 100000 people,,Derived from CAA (unpublished); ABS National state and territory population - December,rate,SA,6.9
11A.4,"Incidents, responses, patients and transport",2016-17,Ambulance activity and resources,All ages,All people,All people,All areas,,Ambulance activity and resources,First responder locations,Ambulance,,,CAA (unpublished),no.,SA,10
11A.4,"Incidents, responses, patients and transport",2016-17,Ambulance activity and resources,All ages,All people,All people,All areas,,Ambulance activity and resources,First responder locations,Third party,,,CAA (unpublished),no.,SA,13
11A.4,"Incidents, responses, patients and transport",2016-17,Ambulance activity and resources,All ages,All people,All people,All areas,,Ambulance activity and resources,Responses,Emergency responses,,,CAA (unpublished),no.,SA,194008
11A.4,"Incidents, responses, patients and transport",2016-17,Ambulance activity and resources,All ages,All people,All people,All areas,,Ambulance activity and resources,Responses,Urgent responses,,,CAA (unpublished),no.,SA,124045
11A.4,"Incidents, responses, patients and transport",2016-17,Ambulance activity and resources,All ages,All people,All people,All areas,,Ambulance activity and resources,Responses,Non-emergency responses,,,CAA (unpublished),no.,SA,80289
11A.4,"Incidents, responses, patients and transport",2016-17,Ambulance activity and resources,All ages,All people,All people,All areas,,Ambulance activity and resources,Responses,Total responses,,,Derived from CAA (unpublished),no.,SA,398342
11A.4,"Incidents, responses, patients and transport",2016-17,Ambulance activity and resources,All ages,All people,All people,All areas,,Ambulance activity and resources,Responses,Total responses,Per 1000 people,,Derived from CAA (unpublished); ABS National state and territory population - December,rate,SA,231.7
11A.4,"Incidents, responses, patients and transport",2016-17,Ambulance activity and resources,All ages,All people,All people,All areas,,Ambulance activity and resources,Patients,Transported,,,CAA (unpublished),no.,SA,243332
11A.4,"Incidents, responses, patients and transport",2016-17,Ambulance activity and resources,All ages,All people,All people,All areas,,Ambulance activity and resources,Patients,Treated not transported,,,CAA (unpublished),no.,SA,24655
11A.4,"Incidents, responses, patients and transport",2016-17,Ambulance activity and resources,All ages,All people,All people,All areas,,Ambulance activity and resources,Patients,Total patients,,,Derived from CAA (unpublished),no.,SA,267987
11A.4,"Incidents, responses, patients and transport",2016-17,Ambulance activity and resources,All ages,All people,All people,All areas,,Ambulance activity and resources,Patients,Total patients,Per 1000 people,,Derived from CAA (unpublished); ABS National state and territory population - December,rate,SA,155.8
11A.4,"Incidents, responses, patients and transport",2016-17,Ambulance activity and resources,All ages,All people,All people,All areas,,Ambulance activity and resources,Transport,Ambulance general purpose,,,CAA (unpublished),no.,SA,256
11A.4,"Incidents, responses, patients and transport",2016-17,Ambulance activity and resources,All ages,All people,All people,All areas,,Ambulance activity and resources,Transport,Patient transport vehicles,,,CAA (unpublished),no.,SA,28
11A.4,"Incidents, responses, patients and transport",2016-17,Ambulance activity and resources,All ages,All people,All people,All areas,,Ambulance activity and resources,Transport,Operational support vehicles,,,CAA (unpublished),no.,SA,101
11A.4,"Incidents, responses, patients and transport",2016-17,Ambulance activity and resources,All ages,All people,All people,All areas,,Ambulance activity and resources,Transport,Special operations vehicles,,,CAA (unpublished),no.,SA,40
11A.4,"Incidents, responses, patients and transport",2016-17,Ambulance activity and resources,All ages,All people,All people,All areas,,Ambulance activity and resources,Transport,Administrative and other vehicles,,,Derived from CAA (unpublished),no.,SA,38
11A.4,"Incidents, responses, patients and transport",2016-17,Ambulance activity and resources,All ages,All people,All people,All areas,,Ambulance activity and resources,Transport,Total transport,,,Derived from CAA (unpublished),no.,SA,463
11A.4,"Incidents, responses, patients and transport",2016-17,Ambulance activity and resources,All ages,All people,All people,All areas,,Ambulance activity and resources,Transport,Total road fleet,,,CAA (unpublished),m km,SA,12.2
11A.4,"Incidents, responses, patients and transport",2016-17,Ambulance activity and resources,All ages,All people,All people,All areas,,Ambulance activity and resources,Transport,Air ambulance aircraft,,,CAA (unpublished),no.,SA,8
11A.4,"Incidents, responses, patients and transport",2015-16,Ambulance activity and resources,All ages,All people,All people,All areas,,Ambulance activity and resources,Incidents,Emergency incidents,,,CAA (unpublished),no.,SA,132997
11A.4,"Incidents, responses, patients and transport",2015-16,Ambulance activity and resources,All ages,All people,All people,All areas,,Ambulance activity and resources,Incidents,Urgent incidents,,,CAA (unpublished),no.,SA,86523
11A.4,"Incidents, responses, patients and transport",2015-16,Ambulance activity and resources,All ages,All people,All people,All areas,,Ambulance activity and resources,Incidents,Non-emergency incidents,,,CAA (unpublished),no.,SA,60951
11A.4,"Incidents, responses, patients and transport",2015-16,Ambulance activity and resources,All ages,All people,All people,All areas,,Ambulance activity and resources,Incidents,Casualty room attendances,,,CAA (unpublished),no.,SA,..
11A.4,"Incidents, responses, patients and transport",2015-16,Ambulance activity and resources,All ages,All people,All people,All areas,,Ambulance activity and resources,Incidents,Total incidents,,,Derived from CAA (unpublished),no.,SA,280471
11A.4,"Incidents, responses, patients and transport",2015-16,Ambulance activity and resources,All ages,All people,All people,All areas,,Ambulance activity and resources,Incidents,Total incidents,Per 1000 people,,Derived from CAA (unpublished); ABS National state and territory population - December,rate,SA,164.4
11A.4,"Incidents, responses, patients and transport",2015-16,Ambulance activity and resources,All ages,All people,All people,All areas,,Ambulance activity and resources,Response locations,With paid staff only,,,CAA (unpublished),no.,SA,41
11A.4,"Incidents, responses, patients and transport",2015-16,Ambulance activity and resources,All ages,All people,All people,All areas,,Ambulance activity and resources,Response locations,With mixed paid and volunteer staff,,,CAA (unpublished),no.,SA,3
11A.4,"Incidents, responses, patients and transport",2015-16,Ambulance activity and resources,All ages,All people,All people,All areas,,Ambulance activity and resources,Response locations,With volunteer staff only,,,CAA (unpublished),no.,SA,71
11A.4,"Incidents, responses, patients and transport",2015-16,Ambulance activity and resources,All ages,All people,All people,All areas,,Ambulance activity and resources,Response locations,Total response locations,,,Derived from CAA (unpublished),no.,SA,115
11A.4,"Incidents, responses, patients and transport",2015-16,Ambulance activity and resources,All ages,All people,All people,All areas,,Ambulance activity and resources,Response locations,Total response locations,Per 100000 people,,Derived from CAA (unpublished); ABS National state and territory population - December,rate,SA,6.7
11A.4,"Incidents, responses, patients and transport",2015-16,Ambulance activity and resources,All ages,All people,All people,All areas,,Ambulance activity and resources,First responder locations,Ambulance,,,CAA (unpublished),no.,SA,10
11A.4,"Incidents, responses, patients and transport",2015-16,Ambulance activity and resources,All ages,All people,All people,All areas,,Ambulance activity and resources,First responder locations,Third party,,,CAA (unpublished),no.,SA,14
11A.4,"Incidents, responses, patients and transport",2015-16,Ambulance activity and resources,All ages,All people,All people,All areas,,Ambulance activity and resources,Responses,Emergency responses,,,CAA (unpublished),no.,SA,187750
11A.4,"Incidents, responses, patients and transport",2015-16,Ambulance activity and resources,All ages,All people,All people,All areas,,Ambulance activity and resources,Responses,Urgent responses,,,CAA (unpublished),no.,SA,117348
11A.4,"Incidents, responses, patients and transport",2015-16,Ambulance activity and resources,All ages,All people,All people,All areas,,Ambulance activity and resources,Responses,Non-emergency responses,,,CAA (unpublished),no.,SA,79918
11A.4,"Incidents, responses, patients and transport",2015-16,Ambulance activity and resources,All ages,All people,All people,All areas,,Ambulance activity and resources,Responses,Total responses,,,Derived from CAA (unpublished),no.,SA,385016
11A.4,"Incidents, responses, patients and transport",2015-16,Ambulance activity and resources,All ages,All people,All people,All areas,,Ambulance activity and resources,Responses,Total responses,Per 1000 people,,Derived from CAA (unpublished); ABS National state and territory population - December,rate,SA,225.7
11A.4,"Incidents, responses, patients and transport",2015-16,Ambulance activity and resources,All ages,All people,All people,All areas,,Ambulance activity and resources,Patients,Transported,,,CAA (unpublished),no.,SA,231594
11A.4,"Incidents, responses, patients and transport",2015-16,Ambulance activity and resources,All ages,All people,All people,All areas,,Ambulance activity and resources,Patients,Treated not transported,,,CAA (unpublished),no.,SA,26621
11A.4,"Incidents, responses, patients and transport",2015-16,Ambulance activity and resources,All ages,All people,All people,All areas,,Ambulance activity and resources,Patients,Total patients,,,Derived from CAA (unpublished),no.,SA,258215
11A.4,"Incidents, responses, patients and transport",2015-16,Ambulance activity and resources,All ages,All people,All people,All areas,,Ambulance activity and resources,Patients,Total patients,Per 1000 people,,Derived from CAA (unpublished); ABS National state and territory population - December,rate,SA,151.4
11A.4,"Incidents, responses, patients and transport",2015-16,Ambulance activity and resources,All ages,All people,All people,All areas,,Ambulance activity and resources,Transport,Ambulance general purpose,,,CAA (unpublished),no.,SA,238
11A.4,"Incidents, responses, patients and transport",2015-16,Ambulance activity and resources,All ages,All people,All people,All areas,,Ambulance activity and resources,Transport,Patient transport vehicles,,,CAA (unpublished),no.,SA,28
11A.4,"Incidents, responses, patients and transport",2015-16,Ambulance activity and resources,All ages,All people,All people,All areas,,Ambulance activity and resources,Transport,Operational support vehicles,,,CAA (unpublished),no.,SA,98
11A.4,"Incidents, responses, patients and transport",2015-16,Ambulance activity and resources,All ages,All people,All people,All areas,,Ambulance activity and resources,Transport,Special operations vehicles,,,CAA (unpublished),no.,SA,40
11A.4,"Incidents, responses, patients and transport",2015-16,Ambulance activity and resources,All ages,All people,All people,All areas,,Ambulance activity and resources,Transport,Administrative and other vehicles,,,Derived from CAA (unpublished),no.,SA,36
11A.4,"Incidents, responses, patients and transport",2015-16,Ambulance activity and resources,All ages,All people,All people,All areas,,Ambulance activity and resources,Transport,Total transport,,,Derived from CAA (unpublished),no.,SA,440
11A.4,"Incidents, responses, patients and transport",2015-16,Ambulance activity and resources,All ages,All people,All people,All areas,,Ambulance activity and resources,Transport,Total road fleet,,,CAA (unpublished),m km,SA,12.1
11A.4,"Incidents, responses, patients and transport",2015-16,Ambulance activity and resources,All ages,All people,All people,All areas,,Ambulance activity and resources,Transport,Air ambulance aircraft,,,CAA (unpublished),no.,SA,8
11A.5,Ambulance services response times,2024-25,Response times,All ages,All people,All people,Capital city,,Response times,90th percentile,,,,CAA (unpublished),min.,SA,35.8
11A.5,Ambulance services response times,2024-25,Response times,All ages,All people,All people,Statewide,,Response times,90th percentile,,,,CAA (unpublished),min.,SA,33.8
11A.5,Ambulance services response times,2024-25,Response times,All ages,All people,All people,Capital city,,Response times,50th percentile,,,,CAA (unpublished),min.,SA,13.4
11A.5,Ambulance services response times,2024-25,Response times,All ages,All people,All people,Statewide,,Response times,50th percentile,,,,CAA (unpublished),min.,SA,12.8
11A.5,Ambulance services response times,2023-24,Response times,All ages,All people,All people,Capital city,,Response times,90th percentile,,,,CAA (unpublished),min.,SA,34.3
11A.5,Ambulance services response times,2023-24,Response times,All ages,All people,All people,Statewide,,Response times,90th percentile,,,,CAA (unpublished),min.,SA,32.9
11A.5,Ambulance services response times,2023-24,Response times,All ages,All people,All people,Capital city,,Response times,50th percentile,,,,CAA (unpublished),min.,SA,13.5
11A.5,Ambulance services response times,2023-24,Response times,All ages,All people,All people,Statewide,,Response times,50th percentile,,,,CAA (unpublished),min.,SA,13.0
11A.5,Ambulance services response times,2022-23,Response times,All ages,All people,All people,Capital city,,Response times,90th percentile,,,,CAA (unpublished),min.,SA,55.6
11A.5,Ambulance services response times,2022-23,Response times,All ages,All people,All people,Statewide,,Response times,90th percentile,,,,CAA (unpublished),min.,SA,50.9
11A.5,Ambulance services response times,2022-23,Response times,All ages,All people,All people,Capital city,,Response times,50th percentile,,,,CAA (unpublished),min.,SA,15.9
11A.5,Ambulance services response times,2022-23,Response times,All ages,All people,All people,Statewide,,Response times,50th percentile,,,,CAA (unpublished),min.,SA,15.1
11A.5,Ambulance services response times,2021-22,Response times,All ages,All people,All people,Capital city,,Response times,90th percentile,,,,CAA (unpublished),min.,SA,71.3
11A.5,Ambulance services response times,2021-22,Response times,All ages,All people,All people,Statewide,,Response times,90th percentile,,,,CAA (unpublished),min.,SA,58.3
11A.5,Ambulance services response times,2021-22,Response times,All ages,All people,All people,Capital city,,Response times,50th percentile,,,,CAA (unpublished),min.,SA,16.4
11A.5,Ambulance services response times,2021-22,Response times,All ages,All people,All people,Statewide,,Response times,50th percentile,,,,CAA (unpublished),min.,SA,15.8
11A.5,Ambulance services response times,2020-21,Response times,All ages,All people,All people,Capital city,,Response times,90th percentile,,,,CAA (unpublished),min.,SA,34.4
11A.5,Ambulance services response times,2020-21,Response times,All ages,All people,All people,Statewide,,Response times,90th percentile,,,,CAA (unpublished),min.,SA,32.8
11A.5,Ambulance services response times,2020-21,Response times,All ages,All people,All people,Capital city,,Response times,50th percentile,,,,CAA (unpublished),min.,SA,12.5
11A.5,Ambulance services response times,2020-21,Response times,All ages,All people,All people,Statewide,,Response times,50th percentile,,,,CAA (unpublished),min.,SA,12.5
11A.5,Ambulance services response times,2019-20,Response times,All ages,All people,All people,Capital city,,Response times,90th percentile,,,,CAA (unpublished),min.,SA,20.6
11A.5,Ambulance services response times,2019-20,Response times,All ages,All people,All people,Statewide,,Response times,90th percentile,,,,CAA (unpublished),min.,SA,22.6
11A.5,Ambulance services response times,2019-20,Response times,All ages,All people,All people,Capital city,,Response times,50th percentile,,,,CAA (unpublished),min.,SA,10.9
11A.5,Ambulance services response times,2019-20,Response times,All ages,All people,All people,Statewide,,Response times,50th percentile,,,,CAA (unpublished),min.,SA,10.9
11A.5,Ambulance services response times,2018-19,Response times,All ages,All people,All people,Capital city,,Response times,90th percentile,,,,CAA (unpublished),min.,SA,19.4
11A.5,Ambulance services response times,2018-19,Response times,All ages,All people,All people,Statewide,,Response times,90th percentile,,,,CAA (unpublished),min.,SA,21.1
11A.5,Ambulance services response times,2018-19,Response times,All ages,All people,All people,Capital city,,Response times,50th percentile,,,,CAA (unpublished),min.,SA,10.7
11A.5,Ambulance services response times,2018-19,Response times,All ages,All people,All people,Statewide,,Response times,50th percentile,,,,CAA (unpublished),min.,SA,10.7
11A.5,Ambulance services response times,2018,Response times,All ages,All people,All people,Capital city,,Capital city area (sq km),,,,,ABS Australian Statistical Geography Standard (ASGS): Volume 1 - Main Structure and Greater Capital City Statistical Areas,sq km,SA,3260
11A.5,Ambulance services response times,2018,Response times,All ages,All people,All people,Capital city,,Capital city population per sq km,,,,,Derived from ABS Australian Statistical Geography Standard (ASGS): Volume 1 - Main Structure and Greater Capital City Statistical Areas; ABS Regional population,rate,SA,402.5
11A.5,Ambulance services response times,2017-18,Response times,All ages,All people,All people,Capital city,,Response times,90th percentile,,,,CAA (unpublished),min.,SA,18.0
11A.5,Ambulance services response times,2017-18,Response times,All ages,All people,All people,Statewide,,Response times,90th percentile,,,,CAA (unpublished),min.,SA,19.9
11A.5,Ambulance services response times,2017-18,Response times,All ages,All people,All people,Capital city,,Response times,50th percentile,,,,CAA (unpublished),min.,SA,10.3
11A.5,Ambulance services response times,2017-18,Response times,All ages,All people,All people,Statewide,,Response times,50th percentile,,,,CAA (unpublished),min.,SA,10.4
11A.5,Ambulance services response times,2016-17,Response times,All ages,All people,All people,Capital city,,Response times,90th percentile,,,,CAA (unpublished),min.,SA,17.0
11A.5,Ambulance services response times,2016-17,Response times,All ages,All people,All people,Statewide,,Response times,90th percentile,,,,CAA (unpublished),min.,SA,19.0
11A.5,Ambulance services response times,2016-17,Response times,All ages,All people,All people,Capital city,,Response times,50th percentile,,,,CAA (unpublished),min.,SA,9.9
11A.5,Ambulance services response times,2016-17,Response times,All ages,All people,All people,Statewide,,Response times,50th percentile,,,,CAA (unpublished),min.,SA,10.0
11A.5,Ambulance services response times,2015-16,Response times,All ages,All people,All people,Capital city,,Response times,90th percentile,,,,CAA (unpublished),min.,SA,16.0
11A.5,Ambulance services response times,2015-16,Response times,All ages,All people,All people,Statewide,,Response times,90th percentile,,,,CAA (unpublished),min.,SA,19.0
11A.5,Ambulance services response times,2015-16,Response times,All ages,All people,All people,Capital city,,Response times,50th percentile,,,,CAA (unpublished),min.,SA,9.5
11A.5,Ambulance services response times,2015-16,Response times,All ages,All people,All people,Statewide,,Response times,50th percentile,,,,CAA (unpublished),min.,SA,9.6
11A.6,Triple zero (000) call answering time,2024-25,Call answering time,All ages,All people,All people,All areas,,Triple zero (000) call answering time,Proportion of calls from the emergency call service answered by ambulance service communication centre staff in a time equal to or less than 10 seconds,,,,CAA (unpublished),%,SA,95.6
11A.6,Triple zero (000) call answering time,2024-25,Call answering time,All ages,All people,All people,All areas,,Triple zero (000) call answering time,Number of calls received by the triple zero emergency call service that require an ambulance service,,,,CAA (unpublished),'000,SA,333.3
11A.6,Triple zero (000) call answering time,2023-24,Call answering time,All ages,All people,All people,All areas,,Triple zero (000) call answering time,Proportion of calls from the emergency call service answered by ambulance service communication centre staff in a time equal to or less than 10 seconds,,,,CAA (unpublished),%,SA,96.2
11A.6,Triple zero (000) call answering time,2023-24,Call answering time,All ages,All people,All people,All areas,,Triple zero (000) call answering time,Number of calls received by the triple zero emergency call service that require an ambulance service,,,,CAA (unpublished),'000,SA,319.5
11A.6,Triple zero (000) call answering time,2022-23,Call answering time,All ages,All people,All people,All areas,,Triple zero (000) call answering time,Proportion of calls from the emergency call service answered by ambulance service communication centre staff in a time equal to or less than 10 seconds,,,,CAA (unpublished),%,SA,95.5
11A.6,Triple zero (000) call answering time,2022-23,Call answering time,All ages,All people,All people,All areas,,Triple zero (000) call answering time,Number of calls received by the triple zero emergency call service that require an ambulance service,,,,CAA (unpublished),'000,SA,317.1
11A.6,Triple zero (000) call answering time,2021-22,Call answering time,All ages,All people,All people,All areas,,Triple zero (000) call answering time,Proportion of calls from the emergency call service answered by ambulance service communication centre staff in a time equal to or less than 10 seconds,,,,CAA (unpublished),%,SA,92.9
11A.6,Triple zero (000) call answering time,2021-22,Call answering time,All ages,All people,All people,All areas,,Triple zero (000) call answering time,Number of calls received by the triple zero emergency call service that require an ambulance service,,,,CAA (unpublished),'000,SA,285.7
11A.6,Triple zero (000) call answering time,2020-21,Call answering time,All ages,All people,All people,All areas,,Triple zero (000) call answering time,Proportion of calls from the emergency call service answered by ambulance service communication centre staff in a time equal to or less than 10 seconds,,,,CAA (unpublished),%,SA,95.4
11A.6,Triple zero (000) call answering time,2020-21,Call answering time,All ages,All people,All people,All areas,,Triple zero (000) call answering time,Number of calls received by the triple zero emergency call service that require an ambulance service,,,,CAA (unpublished),'000,SA,248.6
11A.6,Triple zero (000) call answering time,2019-20,Call answering time,All ages,All people,All people,All areas,,Triple zero (000) call answering time,Proportion of calls from the emergency call service answered by ambulance service communication centre staff in a time equal to or less than 10 seconds,,,,CAA (unpublished),%,SA,95.4
11A.6,Triple zero (000) call answering time,2019-20,Call answering time,All ages,All people,All people,All areas,,Triple zero (000) call answering time,Number of calls received by the triple zero emergency call service that require an ambulance service,,,,CAA (unpublished),'000,SA,246.0
11A.6,Triple zero (000) call answering time,2018-19,Call answering time,All ages,All people,All people,All areas,,Triple zero (000) call answering time,Proportion of calls from the emergency call service answered by ambulance service communication centre staff in a time equal to or less than 10 seconds,,,,CAA (unpublished),%,SA,93.7
11A.6,Triple zero (000) call answering time,2018-19,Call answering time,All ages,All people,All people,All areas,,Triple zero (000) call answering time,Number of calls received by the triple zero emergency call service that require an ambulance service,,,,CAA (unpublished),'000,SA,232.4
11A.6,Triple zero (000) call answering time,2017-18,Call answering time,All ages,All people,All people,All areas,,Triple zero (000) call answering time,Proportion of calls from the emergency call service answered by ambulance service communication centre staff in a time equal to or less than 10 seconds,,,,CAA (unpublished),%,SA,92.6
11A.6,Triple zero (000) call answering time,2017-18,Call answering time,All ages,All people,All people,All areas,,Triple zero (000) call answering time,Number of calls received by the triple zero emergency call service that require an ambulance service,,,,CAA (unpublished),'000,SA,218.0
11A.6,Triple zero (000) call answering time,2016-17,Call answering time,All ages,All people,All people,All areas,,Triple zero (000) call answering time,Proportion of calls from the emergency call service answered by ambulance service communication centre staff in a time equal to or less than 10 seconds,,,,CAA (unpublished),%,SA,95.4
11A.6,Triple zero (000) call answering time,2016-17,Call answering time,All ages,All people,All people,All areas,,Triple zero (000) call answering time,Number of calls received by the triple zero emergency call service that require an ambulance service,,,,CAA (unpublished),'000,SA,203.2
11A.6,Triple zero (000) call answering time,2015-16,Call answering time,All ages,All people,All people,All areas,,Triple zero (000) call answering time,Proportion of calls from the emergency call service answered by ambulance service communication centre staff in a time equal to or less than 10 seconds,,,,CAA (unpublished),%,SA,95.3
11A.6,Triple zero (000) call answering time,2015-16,Call answering time,All ages,All people,All people,All areas,,Triple zero (000) call answering time,Number of calls received by the triple zero emergency call service that require an ambulance service,,,,CAA (unpublished),'000,SA,192.1
11A.7,Pain management,2024-25,Pain management,All ages,All people,All people,All areas,,Ambulance service treatment,Pain management,Proportion of patients who reported a clinically meaningful pain reduction,,,Derived from CAA (unpublished),%,SA,62.9
11A.7,Pain management,2024-25,Pain management,All ages,All people,All people,All areas,,Ambulance service treatment,Pain management,Total number of pain management patients,,,CAA (unpublished),no.,SA,17392
11A.7,Pain management,2023-24,Pain management,All ages,All people,All people,All areas,,Ambulance service treatment,Pain management,Proportion of patients who reported a clinically meaningful pain reduction,,,Derived from CAA (unpublished),%,SA,81.9
11A.7,Pain management,2023-24,Pain management,All ages,All people,All people,All areas,,Ambulance service treatment,Pain management,Total number of pain management patients,,,CAA (unpublished),no.,SA,14824
11A.7,Pain management,2022-23,Pain management,All ages,All people,All people,All areas,,Ambulance service treatment,Pain management,Proportion of patients who reported a clinically meaningful pain reduction,,,Derived from CAA (unpublished),%,SA,81.4
11A.7,Pain management,2022-23,Pain management,All ages,All people,All people,All areas,,Ambulance service treatment,Pain management,Total number of pain management patients,,,CAA (unpublished),no.,SA,22300
11A.7,Pain management,2021-22,Pain management,All ages,All people,All people,All areas,,Ambulance service treatment,Pain management,Proportion of patients who reported a clinically meaningful pain reduction,,,Derived from CAA (unpublished),%,SA,80.9
11A.7,Pain management,2021-22,Pain management,All ages,All people,All people,All areas,,Ambulance service treatment,Pain management,Total number of pain management patients,,,CAA (unpublished),no.,SA,21473
11A.7,Pain management,2020-21,Pain management,All ages,All people,All people,All areas,,Ambulance service treatment,Pain management,Proportion of patients who reported a clinically meaningful pain reduction,,,Derived from CAA (unpublished),%,SA,80.7
11A.7,Pain management,2020-21,Pain management,All ages,All people,All people,All areas,,Ambulance service treatment,Pain management,Total number of pain management patients,,,CAA (unpublished),no.,SA,24088
11A.7,Pain management,2019-20,Pain management,All ages,All people,All people,All areas,,Ambulance service treatment,Pain management,Proportion of patients who reported a clinically meaningful pain reduction,,,Derived from CAA (unpublished),%,SA,81.0
11A.7,Pain management,2019-20,Pain management,All ages,All people,All people,All areas,,Ambulance service treatment,Pain management,Total number of pain management patients,,,CAA (unpublished),no.,SA,21975
11A.7,Pain management,2018-19,Pain management,All ages,All people,All people,All areas,,Ambulance service treatment,Pain management,Proportion of patients who reported a clinically meaningful pain reduction,,,Derived from CAA (unpublished),%,SA,72.3
11A.7,Pain management,2018-19,Pain management,All ages,All people,All people,All areas,,Ambulance service treatment,Pain management,Total number of pain management patients,,,CAA (unpublished),no.,SA,20756
11A.7,Pain management,2017-18,Pain management,All ages,All people,All people,All areas,,Ambulance service treatment,Pain management,Proportion of patients who reported a clinically meaningful pain reduction,,,Derived from CAA (unpublished),%,SA,72.9
11A.7,Pain management,2017-18,Pain management,All ages,All people,All people,All areas,,Ambulance service treatment,Pain management,Total number of pain management patients,,,CAA (unpublished),no.,SA,18857
11A.7,Pain management,2016-17,Pain management,All ages,All people,All people,All areas,,Ambulance service treatment,Pain management,Proportion of patients who reported a clinically meaningful pain reduction,,,Derived from CAA (unpublished),%,SA,73.3
11A.7,Pain management,2016-17,Pain management,All ages,All people,All people,All areas,,Ambulance service treatment,Pain management,Total number of pain management patients,,,CAA (unpublished),no.,SA,12763
11A.7,Pain management,2015-16,Pain management,All ages,All people,All people,All areas,,Ambulance service treatment,Pain management,Proportion of patients who reported a clinically meaningful pain reduction,,,Derived from CAA (unpublished),%,SA,73.1
11A.7,Pain management,2015-16,Pain management,All ages,All people,All people,All areas,,Ambulance service treatment,Pain management,Total number of pain management patients,,,CAA (unpublished),no.,SA,8343
11A.8,Patient experience of ambulance services,2024-25,Patient experience,All ages,All people,All people,All areas,,Patient experience,Total number of patients surveyed,,,,CAA (unpublished) Patient Experience Survey Australia,no.,SA,3000
11A.8,Patient experience of ambulance services,2024-25,Patient experience,All ages,All people,All people,All areas,,Patient experience,Total number of usable responses,,,,CAA (unpublished) Patient Experience Survey Australia,no.,SA,669
11A.8,Patient experience of ambulance services,2024-25,Patient experience,All ages,All people,All people,All areas,,Patient experience,Overall satisfaction,Very satisfied or satisfied,,,CAA (unpublished) Patient Experience Survey Australia,%,SA,96
11A.8,Patient experience of ambulance services,2024-25,Patient experience,All ages,All people,All people,All areas,,Patient experience,Overall satisfaction,Very satisfied or satisfied,,95%CI,CAA (unpublished) Patient Experience Survey Australia,%,SA,1.5
11A.8,Patient experience of ambulance services,2024-25,Patient experience,All ages,All people,All people,All areas,,Patient experience,Overall satisfaction,Neither satisfied / dissatisfied,,,CAA (unpublished) Patient Experience Survey Australia,%,SA,1
11A.8,Patient experience of ambulance services,2024-25,Patient experience,All ages,All people,All people,All areas,,Patient experience,Overall satisfaction,Dissatisfied / very dissatisfied,,,CAA (unpublished) Patient Experience Survey Australia,%,SA,3
11A.8,Patient experience of ambulance services,2024-25,Patient experience,All ages,All people,All people,All areas,,Patient experience,Phone answer time,Much quicker or a little quicker than I thought it would be,,,CAA (unpublished) Patient Experience Survey Australia,%,SA,65
11A.8,Patient experience of ambulance services,2024-25,Patient experience,All ages,All people,All people,All areas,,Patient experience,Phone answer time,A little slower or much slower than I thought it would be,,,CAA (unpublished) Patient Experience Survey Australia,%,SA,4
11A.8,Patient experience of ambulance services,2024-25,Patient experience,All ages,All people,All people,All areas,,Patient experience,Phone answer time,About what I thought it would be,,,CAA (unpublished) Patient Experience Survey Australia,%,SA,31
11A.8,Patient experience of ambulance services,2024-25,Patient experience,All ages,All people,All people,All areas,,Patient experience,Ambulance arrival time,Much quicker or a little quicker than I thought it would be,,,CAA (unpublished) Patient Experience Survey Australia,%,SA,60
11A.8,Patient experience of ambulance services,2024-25,Patient experience,All ages,All people,All people,All areas,,Patient experience,Ambulance arrival time,A little slower or much slower than I thought it would be,,,CAA (unpublished) Patient Experience Survey Australia,%,SA,10
11A.8,Patient experience of ambulance services,2024-25,Patient experience,All ages,All people,All people,All areas,,Patient experience,Ambulance arrival time,About what I thought it would be,,,CAA (unpublished) Patient Experience Survey Australia,%,SA,30
11A.8,Patient experience of ambulance services,2024-25,Patient experience,All ages,All people,All people,All areas,,Patient experience,Level of care provided by paramedics,Very good or good,,,CAA (unpublished) Patient Experience Survey Australia,%,SA,96
11A.8,Patient experience of ambulance services,2024-25,Patient experience,All ages,All people,All people,All areas,,Patient experience,Level of care provided by paramedics,Poor or very poor,,,CAA (unpublished) Patient Experience Survey Australia,%,SA,2
11A.8,Patient experience of ambulance services,2024-25,Patient experience,All ages,All people,All people,All areas,,Patient experience,Level of care provided by paramedics,OK,,,CAA (unpublished) Patient Experience Survey Australia,%,SA,2
11A.8,Patient experience of ambulance services,2024-25,Patient experience,All ages,All people,All people,All areas,,Patient experience,Level of trust and confidence in paramedics and their ability to provide quality care and treatment,Very high or high,,,CAA (unpublished) Patient Experience Survey Australia,%,SA,91
11A.8,Patient experience of ambulance services,2024-25,Patient experience,All ages,All people,All people,All areas,,Patient experience,Level of trust and confidence in paramedics and their ability to provide quality care and treatment,Low or very low,,,CAA (unpublished) Patient Experience Survey Australia,%,SA,2
11A.8,Patient experience of ambulance services,2024-25,Patient experience,All ages,All people,All people,All areas,,Patient experience,Level of trust and confidence in paramedics and their ability to provide quality care and treatment,Confident,,,CAA (unpublished) Patient Experience Survey Australia,%,SA,7
11A.8,Patient experience of ambulance services,2023-24,Patient experience,All ages,All people,All people,All areas,,Patient experience,Total number of patients surveyed,,,,CAA (unpublished) Patient Experience Survey Australia,no.,SA,3000
11A.8,Patient experience of ambulance services,2023-24,Patient experience,All ages,All people,All people,All areas,,Patient experience,Total number of usable responses,,,,CAA (unpublished) Patient Experience Survey Australia,no.,SA,496
11A.8,Patient experience of ambulance services,2023-24,Patient experience,All ages,All people,All people,All areas,,Patient experience,Overall satisfaction,Very satisfied or satisfied,,,CAA (unpublished) Patient Experience Survey Australia,%,SA,97
11A.8,Patient experience of ambulance services,2023-24,Patient experience,All ages,All people,All people,All areas,,Patient experience,Overall satisfaction,Very satisfied or satisfied,,95%CI,CAA (unpublished) Patient Experience Survey Australia,%,SA,1.0
11A.8,Patient experience of ambulance services,2023-24,Patient experience,All ages,All people,All people,All areas,,Patient experience,Overall satisfaction,Neither satisfied / dissatisfied,,,CAA (unpublished) Patient Experience Survey Australia,%,SA,1
11A.8,Patient experience of ambulance services,2023-24,Patient experience,All ages,All people,All people,All areas,,Patient experience,Overall satisfaction,Dissatisfied / very dissatisfied,,,CAA (unpublished) Patient Experience Survey Australia,%,SA,2
11A.8,Patient experience of ambulance services,2023-24,Patient experience,All ages,All people,All people,All areas,,Patient experience,Phone answer time,Much quicker or a little quicker than I thought it would be,,,CAA (unpublished) Patient Experience Survey Australia,%,SA,67
11A.8,Patient experience of ambulance services,2023-24,Patient experience,All ages,All people,All people,All areas,,Patient experience,Phone answer time,A little slower or much slower than I thought it would be,,,CAA (unpublished) Patient Experience Survey Australia,%,SA,4
11A.8,Patient experience of ambulance services,2023-24,Patient experience,All ages,All people,All people,All areas,,Patient experience,Phone answer time,About what I thought it would be,,,CAA (unpublished) Patient Experience Survey Australia,%,SA,28
11A.8,Patient experience of ambulance services,2023-24,Patient experience,All ages,All people,All people,All areas,,Patient experience,Ambulance arrival time,Much quicker or a little quicker than I thought it would be,,,CAA (unpublished) Patient Experience Survey Australia,%,SA,63
11A.8,Patient experience of ambulance services,2023-24,Patient experience,All ages,All people,All people,All areas,,Patient experience,Ambulance arrival time,A little slower or much slower than I thought it would be,,,CAA (unpublished) Patient Experience Survey Australia,%,SA,11
11A.8,Patient experience of ambulance services,2023-24,Patient experience,All ages,All people,All people,All areas,,Patient experience,Ambulance arrival time,About what I thought it would be,,,CAA (unpublished) Patient Experience Survey Australia,%,SA,26
11A.8,Patient experience of ambulance services,2023-24,Patient experience,All ages,All people,All people,All areas,,Patient experience,Level of care provided by paramedics,Very good or good,,,CAA (unpublished) Patient Experience Survey Australia,%,SA,98
11A.8,Patient experience of ambulance services,2023-24,Patient experience,All ages,All people,All people,All areas,,Patient experience,Level of care provided by paramedics,Poor or very poor,,,CAA (unpublished) Patient Experience Survey Australia,%,SA,1
11A.8,Patient experience of ambulance services,2023-24,Patient experience,All ages,All people,All people,All areas,,Patient experience,Level of care provided by paramedics,OK,,,CAA (unpublished) Patient Experience Survey Australia,%,SA,1
11A.8,Patient experience of ambulance services,2023-24,Patient experience,All ages,All people,All people,All areas,,Patient experience,Level of trust and confidence in paramedics and their ability to provide quality care and treatment,Very high or high,,,CAA (unpublished) Patient Experience Survey Australia,%,SA,93
11A.8,Patient experience of ambulance services,2023-24,Patient experience,All ages,All people,All people,All areas,,Patient experience,Level of trust and confidence in paramedics and their ability to provide quality care and treatment,Low or very low,,,CAA (unpublished) Patient Experience Survey Australia,%,SA,2
11A.8,Patient experience of ambulance services,2023-24,Patient experience,All ages,All people,All people,All areas,,Patient experience,Level of trust and confidence in paramedics and their ability to provide quality care and treatment,Confident,,,CAA (unpublished) Patient Experience Survey Australia,%,SA,5
11A.8,Patient experience of ambulance services,2022-23,Patient experience,All ages,All people,All people,All areas,,Patient experience,Total number of patients surveyed,,,,CAA (unpublished) Patient Experience Survey Australia,no.,SA,3000
11A.8,Patient experience of ambulance services,2022-23,Patient experience,All ages,All people,All people,All areas,,Patient experience,Total number of usable responses,,,,CAA (unpublished) Patient Experience Survey Australia,no.,SA,549
11A.8,Patient experience of ambulance services,2022-23,Patient experience,All ages,All people,All people,All areas,,Patient experience,Overall satisfaction,Very satisfied or satisfied,,,CAA (unpublished) Patient Experience Survey Australia,%,SA,97
11A.8,Patient experience of ambulance services,2022-23,Patient experience,All ages,All people,All people,All areas,,Patient experience,Overall satisfaction,Very satisfied or satisfied,,95%CI,CAA (unpublished) Patient Experience Survey Australia,%,SA,1.8
11A.8,Patient experience of ambulance services,2022-23,Patient experience,All ages,All people,All people,All areas,,Patient experience,Overall satisfaction,Neither satisfied / dissatisfied,,,CAA (unpublished) Patient Experience Survey Australia,%,SA,2
11A.8,Patient experience of ambulance services,2022-23,Patient experience,All ages,All people,All people,All areas,,Patient experience,Overall satisfaction,Dissatisfied / very dissatisfied,,,CAA (unpublished) Patient Experience Survey Australia,%,SA,1
11A.8,Patient experience of ambulance services,2022-23,Patient experience,All ages,All people,All people,All areas,,Patient experience,Phone answer time,Much quicker or a little quicker than I thought it would be,,,CAA (unpublished) Patient Experience Survey Australia,%,SA,65
11A.8,Patient experience of ambulance services,2022-23,Patient experience,All ages,All people,All people,All areas,,Patient experience,Phone answer time,A little slower or much slower than I thought it would be,,,CAA (unpublished) Patient Experience Survey Australia,%,SA,4
11A.8,Patient experience of ambulance services,2022-23,Patient experience,All ages,All people,All people,All areas,,Patient experience,Phone answer time,About what I thought it would be,,,CAA (unpublished) Patient Experience Survey Australia,%,SA,30
11A.8,Patient experience of ambulance services,2022-23,Patient experience,All ages,All people,All people,All areas,,Patient experience,Ambulance arrival time,Much quicker or a little quicker than I thought it would be,,,CAA (unpublished) Patient Experience Survey Australia,%,SA,62
11A.8,Patient experience of ambulance services,2022-23,Patient experience,All ages,All people,All people,All areas,,Patient experience,Ambulance arrival time,A little slower or much slower than I thought it would be,,,CAA (unpublished) Patient Experience Survey Australia,%,SA,10
11A.8,Patient experience of ambulance services,2022-23,Patient experience,All ages,All people,All people,All areas,,Patient experience,Ambulance arrival time,About what I thought it would be,,,CAA (unpublished) Patient Experience Survey Australia,%,SA,27
11A.8,Patient experience of ambulance services,2022-23,Patient experience,All ages,All people,All people,All areas,,Patient experience,Level of care provided by paramedics,Very good or good,,,CAA (unpublished) Patient Experience Survey Australia,%,SA,98
11A.8,Patient experience of ambulance services,2022-23,Patient experience,All ages,All people,All people,All areas,,Patient experience,Level of care provided by paramedics,Poor or very poor,,,CAA (unpublished) Patient Experience Survey Australia,%,SA,1
11A.8,Patient experience of ambulance services,2022-23,Patient experience,All ages,All people,All people,All areas,,Patient experience,Level of care provided by paramedics,OK,,,CAA (unpublished) Patient Experience Survey Australia,%,SA,2
11A.8,Patient experience of ambulance services,2022-23,Patient experience,All ages,All people,All people,All areas,,Patient experience,Level of trust and confidence in paramedics and their ability to provide quality care and treatment,Very high or high,,,CAA (unpublished) Patient Experience Survey Australia,%,SA,94
11A.8,Patient experience of ambulance services,2022-23,Patient experience,All ages,All people,All people,All areas,,Patient experience,Level of trust and confidence in paramedics and their ability to provide quality care and treatment,Low or very low,,,CAA (unpublished) Patient Experience Survey Australia,%,SA,1
11A.8,Patient experience of ambulance services,2022-23,Patient experience,All ages,All people,All people,All areas,,Patient experience,Level of trust and confidence in paramedics and their ability to provide quality care and treatment,Confident,,,CAA (unpublished) Patient Experience Survey Australia,%,SA,5
11A.8,Patient experience of ambulance services,2021-22,Patient experience,All ages,All people,All people,All areas,,Patient experience,Total number of patients surveyed,,,,CAA Patient Experience Survey Australia,no.,SA,3000
11A.8,Patient experience of ambulance services,2021-22,Patient experience,All ages,All people,All people,All areas,,Patient experience,Total number of usable responses,,,,CAA Patient Experience Survey Australia,no.,SA,579
11A.8,Patient experience of ambulance services,2021-22,Patient experience,All ages,All people,All people,All areas,,Patient experience,Overall satisfaction,Very satisfied or satisfied,,,CAA Patient Experience Survey Australia,%,SA,96
11A.8,Patient experience of ambulance services,2021-22,Patient experience,All ages,All people,All people,All areas,,Patient experience,Overall satisfaction,Very satisfied or satisfied,,95%CI,CAA Patient Experience Survey Australia,%,SA,1.8
11A.8,Patient experience of ambulance services,2021-22,Patient experience,All ages,All people,All people,All areas,,Patient experience,Overall satisfaction,Neither satisfied / dissatisfied,,,CAA Patient Experience Survey Australia,%,SA,2
11A.8,Patient experience of ambulance services,2021-22,Patient experience,All ages,All people,All people,All areas,,Patient experience,Overall satisfaction,Dissatisfied / very dissatisfied,,,CAA Patient Experience Survey Australia,%,SA,2
11A.8,Patient experience of ambulance services,2021-22,Patient experience,All ages,All people,All people,All areas,,Patient experience,Phone answer time,Much quicker or a little quicker than I thought it would be,,,CAA Patient Experience Survey Australia,%,SA,62
11A.8,Patient experience of ambulance services,2021-22,Patient experience,All ages,All people,All people,All areas,,Patient experience,Phone answer time,A little slower or much slower than I thought it would be,,,CAA Patient Experience Survey Australia,%,SA,7
11A.8,Patient experience of ambulance services,2021-22,Patient experience,All ages,All people,All people,All areas,,Patient experience,Phone answer time,About what I thought it would be,,,CAA Patient Experience Survey Australia,%,SA,31
11A.8,Patient experience of ambulance services,2021-22,Patient experience,All ages,All people,All people,All areas,,Patient experience,Ambulance arrival time,Much quicker or a little quicker than I thought it would be,,,CAA Patient Experience Survey Australia,%,SA,60
11A.8,Patient experience of ambulance services,2021-22,Patient experience,All ages,All people,All people,All areas,,Patient experience,Ambulance arrival time,A little slower or much slower than I thought it would be,,,CAA Patient Experience Survey Australia,%,SA,14
11A.8,Patient experience of ambulance services,2021-22,Patient experience,All ages,All people,All people,All areas,,Patient experience,Ambulance arrival time,About what I thought it would be,,,CAA Patient Experience Survey Australia,%,SA,26
11A.8,Patient experience of ambulance services,2021-22,Patient experience,All ages,All people,All people,All areas,,Patient experience,Level of care provided by paramedics,Very good or good,,,CAA Patient Experience Survey Australia,%,SA,98
11A.8,Patient experience of ambulance services,2021-22,Patient experience,All ages,All people,All people,All areas,,Patient experience,Level of care provided by paramedics,Poor or very poor,,,CAA Patient Experience Survey Australia,%,SA,0
11A.8,Patient experience of ambulance services,2021-22,Patient experience,All ages,All people,All people,All areas,,Patient experience,Level of care provided by paramedics,OK,,,CAA Patient Experience Survey Australia,%,SA,2
11A.8,Patient experience of ambulance services,2021-22,Patient experience,All ages,All people,All people,All areas,,Patient experience,Level of trust and confidence in paramedics and their ability to provide quality care and treatment,Very high or high,,,CAA Patient Experience Survey Australia,%,SA,91
11A.8,Patient experience of ambulance services,2021-22,Patient experience,All ages,All people,All people,All areas,,Patient experience,Level of trust and confidence in paramedics and their ability to provide quality care and treatment,Low or very low,,,CAA Patient Experience Survey Australia,%,SA,1
11A.8,Patient experience of ambulance services,2021-22,Patient experience,All ages,All people,All people,All areas,,Patient experience,Level of trust and confidence in paramedics and their ability to provide quality care and treatment,Confident,,,CAA Patient Experience Survey Australia,%,SA,8
11A.8,Patient experience of ambulance services,2020-21,Patient experience,All ages,All people,All people,All areas,,Patient experience,Total number of patients surveyed,,,,CAA Patient Experience Survey Australia,no.,SA,3000
11A.8,Patient experience of ambulance services,2020-21,Patient experience,All ages,All people,All people,All areas,,Patient experience,Total number of usable responses,,,,CAA Patient Experience Survey Australia,no.,SA,527
11A.8,Patient experience of ambulance services,2020-21,Patient experience,All ages,All people,All people,All areas,,Patient experience,Overall satisfaction,Very satisfied or satisfied,,,CAA Patient Experience Survey Australia,%,SA,96
11A.8,Patient experience of ambulance services,2020-21,Patient experience,All ages,All people,All people,All areas,,Patient experience,Overall satisfaction,Very satisfied or satisfied,,95%CI,CAA Patient Experience Survey Australia,%,SA,2.3
11A.8,Patient experience of ambulance services,2020-21,Patient experience,All ages,All people,All people,All areas,,Patient experience,Overall satisfaction,Neither satisfied / dissatisfied,,,CAA Patient Experience Survey Australia,%,SA,2
11A.8,Patient experience of ambulance services,2020-21,Patient experience,All ages,All people,All people,All areas,,Patient experience,Overall satisfaction,Dissatisfied / very dissatisfied,,,CAA Patient Experience Survey Australia,%,SA,2
11A.8,Patient experience of ambulance services,2020-21,Patient experience,All ages,All people,All people,All areas,,Patient experience,Phone answer time,Much quicker or a little quicker than I thought it would be,,,CAA Patient Experience Survey Australia,%,SA,60
11A.8,Patient experience of ambulance services,2020-21,Patient experience,All ages,All people,All people,All areas,,Patient experience,Phone answer time,A little slower or much slower than I thought it would be,,,CAA Patient Experience Survey Australia,%,SA,5
11A.8,Patient experience of ambulance services,2020-21,Patient experience,All ages,All people,All people,All areas,,Patient experience,Phone answer time,About what I thought it would be,,,CAA Patient Experience Survey Australia,%,SA,35
11A.8,Patient experience of ambulance services,2020-21,Patient experience,All ages,All people,All people,All areas,,Patient experience,Ambulance arrival time,Much quicker or a little quicker than I thought it would be,,,CAA Patient Experience Survey Australia,%,SA,59
11A.8,Patient experience of ambulance services,2020-21,Patient experience,All ages,All people,All people,All areas,,Patient experience,Ambulance arrival time,A little slower or much slower than I thought it would be,,,CAA Patient Experience Survey Australia,%,SA,12
11A.8,Patient experience of ambulance services,2020-21,Patient experience,All ages,All people,All people,All areas,,Patient experience,Ambulance arrival time,About what I thought it would be,,,CAA Patient Experience Survey Australia,%,SA,29
11A.8,Patient experience of ambulance services,2020-21,Patient experience,All ages,All people,All people,All areas,,Patient experience,Level of care provided by paramedics,Very good or good,,,CAA Patient Experience Survey Australia,%,SA,97
11A.8,Patient experience of ambulance services,2020-21,Patient experience,All ages,All people,All people,All areas,,Patient experience,Level of care provided by paramedics,Poor or very poor,,,CAA Patient Experience Survey Australia,%,SA,2
11A.8,Patient experience of ambulance services,2020-21,Patient experience,All ages,All people,All people,All areas,,Patient experience,Level of care provided by paramedics,OK,,,CAA Patient Experience Survey Australia,%,SA,2
11A.8,Patient experience of ambulance services,2020-21,Patient experience,All ages,All people,All people,All areas,,Patient experience,Level of trust and confidence in paramedics and their ability to provide quality care and treatment,Very high or high,,,CAA Patient Experience Survey Australia,%,SA,93
11A.8,Patient experience of ambulance services,2020-21,Patient experience,All ages,All people,All people,All areas,,Patient experience,Level of trust and confidence in paramedics and their ability to provide quality care and treatment,Low or very low,,,CAA Patient Experience Survey Australia,%,SA,1
11A.8,Patient experience of ambulance services,2020-21,Patient experience,All ages,All people,All people,All areas,,Patient experience,Level of trust and confidence in paramedics and their ability to provide quality care and treatment,Confident,,,CAA Patient Experience Survey Australia,%,SA,6
11A.8,Patient experience of ambulance services,2019-20,Patient experience,All ages,All people,All people,All areas,,Patient experience,Total number of patients surveyed,,,,CAA Patient Experience Survey Australia,no.,SA,1300
11A.8,Patient experience of ambulance services,2019-20,Patient experience,All ages,All people,All people,All areas,,Patient experience,Total number of usable responses,,,,CAA Patient Experience Survey Australia,no.,SA,373
11A.8,Patient experience of ambulance services,2019-20,Patient experience,All ages,All people,All people,All areas,,Patient experience,Overall satisfaction,Very satisfied or satisfied,,,CAA Patient Experience Survey Australia,%,SA,99
11A.8,Patient experience of ambulance services,2019-20,Patient experience,All ages,All people,All people,All areas,,Patient experience,Overall satisfaction,Very satisfied or satisfied,,95%CI,CAA Patient Experience Survey Australia,%,SA,2.8
11A.8,Patient experience of ambulance services,2019-20,Patient experience,All ages,All people,All people,All areas,,Patient experience,Overall satisfaction,Neither satisfied / dissatisfied,,,CAA Patient Experience Survey Australia,%,SA,1
11A.8,Patient experience of ambulance services,2019-20,Patient experience,All ages,All people,All people,All areas,,Patient experience,Overall satisfaction,Dissatisfied / very dissatisfied,,,CAA Patient Experience Survey Australia,%,SA,0
11A.8,Patient experience of ambulance services,2019-20,Patient experience,All ages,All people,All people,All areas,,Patient experience,Phone answer time,Much quicker or a little quicker than I thought it would be,,,CAA Patient Experience Survey Australia,%,SA,70
11A.8,Patient experience of ambulance services,2019-20,Patient experience,All ages,All people,All people,All areas,,Patient experience,Phone answer time,A little slower or much slower than I thought it would be,,,CAA Patient Experience Survey Australia,%,SA,3
11A.8,Patient experience of ambulance services,2019-20,Patient experience,All ages,All people,All people,All areas,,Patient experience,Phone answer time,About what I thought it would be,,,CAA Patient Experience Survey Australia,%,SA,27
11A.8,Patient experience of ambulance services,2019-20,Patient experience,All ages,All people,All people,All areas,,Patient experience,Ambulance arrival time,Much quicker or a little quicker than I thought it would be,,,CAA Patient Experience Survey Australia,%,SA,67
11A.8,Patient experience of ambulance services,2019-20,Patient experience,All ages,All people,All people,All areas,,Patient experience,Ambulance arrival time,A little slower or much slower than I thought it would be,,,CAA Patient Experience Survey Australia,%,SA,8
11A.8,Patient experience of ambulance services,2019-20,Patient experience,All ages,All people,All people,All areas,,Patient experience,Ambulance arrival time,About what I thought it would be,,,CAA Patient Experience Survey Australia,%,SA,25
11A.8,Patient experience of ambulance services,2019-20,Patient experience,All ages,All people,All people,All areas,,Patient experience,Level of care provided by paramedics,Very good or good,,,CAA Patient Experience Survey Australia,%,SA,98
11A.8,Patient experience of ambulance services,2019-20,Patient experience,All ages,All people,All people,All areas,,Patient experience,Level of care provided by paramedics,Poor or very poor,,,CAA Patient Experience Survey Australia,%,SA,0
11A.8,Patient experience of ambulance services,2019-20,Patient experience,All ages,All people,All people,All areas,,Patient experience,Level of care provided by paramedics,OK,,,CAA Patient Experience Survey Australia,%,SA,1
11A.8,Patient experience of ambulance services,2019-20,Patient experience,All ages,All people,All people,All areas,,Patient experience,Level of trust and confidence in paramedics and their ability to provide quality care and treatment,Very high or high,,,CAA Patient Experience Survey Australia,%,SA,95
11A.8,Patient experience of ambulance services,2019-20,Patient experience,All ages,All people,All people,All areas,,Patient experience,Level of trust and confidence in paramedics and their ability to provide quality care and treatment,Low or very low,,,CAA Patient Experience Survey Australia,%,SA,0
11A.8,Patient experience of ambulance services,2019-20,Patient experience,All ages,All people,All people,All areas,,Patient experience,Level of trust and confidence in paramedics and their ability to provide quality care and treatment,Confident,,,CAA Patient Experience Survey Australia,%,SA,5
11A.8,Patient experience of ambulance services,2018-19,Patient experience,All ages,All people,All people,All areas,,Patient experience,Total number of patients surveyed,,,,CAA Patient Experience Survey Australia,no.,SA,1300
11A.8,Patient experience of ambulance services,2018-19,Patient experience,All ages,All people,All people,All areas,,Patient experience,Total number of usable responses,,,,CAA Patient Experience Survey Australia,no.,SA,302
11A.8,Patient experience of ambulance services,2018-19,Patient experience,All ages,All people,All people,All areas,,Patient experience,Overall satisfaction,Very satisfied or satisfied,,,CAA Patient Experience Survey Australia,%,SA,100
11A.8,Patient experience of ambulance services,2018-19,Patient experience,All ages,All people,All people,All areas,,Patient experience,Overall satisfaction,Very satisfied or satisfied,,95%CI,CAA Patient Experience Survey Australia,%,SA,3.1
11A.8,Patient experience of ambulance services,2018-19,Patient experience,All ages,All people,All people,All areas,,Patient experience,Overall satisfaction,Neither satisfied / dissatisfied,,,CAA Patient Experience Survey Australia,%,SA,0
11A.8,Patient experience of ambulance services,2018-19,Patient experience,All ages,All people,All people,All areas,,Patient experience,Overall satisfaction,Dissatisfied / very dissatisfied,,,CAA Patient Experience Survey Australia,%,SA,0
11A.8,Patient experience of ambulance services,2018-19,Patient experience,All ages,All people,All people,All areas,,Patient experience,Phone answer time,Much quicker or a little quicker than I thought it would be,,,CAA Patient Experience Survey Australia,%,SA,68
11A.8,Patient experience of ambulance services,2018-19,Patient experience,All ages,All people,All people,All areas,,Patient experience,Phone answer time,A little slower or much slower than I thought it would be,,,CAA Patient Experience Survey Australia,%,SA,2
11A.8,Patient experience of ambulance services,2018-19,Patient experience,All ages,All people,All people,All areas,,Patient experience,Phone answer time,About what I thought it would be,,,CAA Patient Experience Survey Australia,%,SA,30
11A.8,Patient experience of ambulance services,2018-19,Patient experience,All ages,All people,All people,All areas,,Patient experience,Ambulance arrival time,Much quicker or a little quicker than I thought it would be,,,CAA Patient Experience Survey Australia,%,SA,63
11A.8,Patient experience of ambulance services,2018-19,Patient experience,All ages,All people,All people,All areas,,Patient experience,Ambulance arrival time,A little slower or much slower than I thought it would be,,,CAA Patient Experience Survey Australia,%,SA,6
11A.8,Patient experience of ambulance services,2018-19,Patient experience,All ages,All people,All people,All areas,,Patient experience,Ambulance arrival time,About what I thought it would be,,,CAA Patient Experience Survey Australia,%,SA,31
11A.8,Patient experience of ambulance services,2018-19,Patient experience,All ages,All people,All people,All areas,,Patient experience,Level of care provided by paramedics,Very good or good,,,CAA Patient Experience Survey Australia,%,SA,99
11A.8,Patient experience of ambulance services,2018-19,Patient experience,All ages,All people,All people,All areas,,Patient experience,Level of care provided by paramedics,Poor or very poor,,,CAA Patient Experience Survey Australia,%,SA,0
11A.8,Patient experience of ambulance services,2018-19,Patient experience,All ages,All people,All people,All areas,,Patient experience,Level of care provided by paramedics,OK,,,CAA Patient Experience Survey Australia,%,SA,1
11A.8,Patient experience of ambulance services,2018-19,Patient experience,All ages,All people,All people,All areas,,Patient experience,Level of trust and confidence in paramedics and their ability to provide quality care and treatment,Very high or high,,,CAA Patient Experience Survey Australia,%,SA,95
11A.8,Patient experience of ambulance services,2018-19,Patient experience,All ages,All people,All people,All areas,,Patient experience,Level of trust and confidence in paramedics and their ability to provide quality care and treatment,Low or very low,,,CAA Patient Experience Survey Australia,%,SA,0
11A.8,Patient experience of ambulance services,2018-19,Patient experience,All ages,All people,All people,All areas,,Patient experience,Level of trust and confidence in paramedics and their ability to provide quality care and treatment,Confident,,,CAA Patient Experience Survey Australia,%,SA,5
11A.8,Patient experience of ambulance services,2017-18,Patient experience,All ages,All people,All people,All areas,,Patient experience,Total number of patients surveyed,,,,CAA Patient Experience Survey Australia,no.,SA,1300
11A.8,Patient experience of ambulance services,2017-18,Patient experience,All ages,All people,All people,All areas,,Patient experience,Total number of usable responses,,,,CAA Patient Experience Survey Australia,no.,SA,255
11A.8,Patient experience of ambulance services,2017-18,Patient experience,All ages,All people,All people,All areas,,Patient experience,Overall satisfaction,Very satisfied or satisfied,,,CAA Patient Experience Survey Australia,%,SA,98
11A.8,Patient experience of ambulance services,2017-18,Patient experience,All ages,All people,All people,All areas,,Patient experience,Overall satisfaction,Very satisfied or satisfied,,95%CI,CAA Patient Experience Survey Australia,%,SA,6.1
11A.8,Patient experience of ambulance services,2017-18,Patient experience,All ages,All people,All people,All areas,,Patient experience,Overall satisfaction,Neither satisfied / dissatisfied,,,CAA Patient Experience Survey Australia,%,SA,1
11A.8,Patient experience of ambulance services,2017-18,Patient experience,All ages,All people,All people,All areas,,Patient experience,Overall satisfaction,Dissatisfied / very dissatisfied,,,CAA Patient Experience Survey Australia,%,SA,0
11A.8,Patient experience of ambulance services,2017-18,Patient experience,All ages,All people,All people,All areas,,Patient experience,Phone answer time,Much quicker or a little quicker than I thought it would be,,,CAA Patient Experience Survey Australia,%,SA,66
11A.8,Patient experience of ambulance services,2017-18,Patient experience,All ages,All people,All people,All areas,,Patient experience,Phone answer time,A little slower or much slower than I thought it would be,,,CAA Patient Experience Survey Australia,%,SA,4
11A.8,Patient experience of ambulance services,2017-18,Patient experience,All ages,All people,All people,All areas,,Patient experience,Phone answer time,About what I thought it would be,,,CAA Patient Experience Survey Australia,%,SA,30
11A.8,Patient experience of ambulance services,2017-18,Patient experience,All ages,All people,All people,All areas,,Patient experience,Ambulance arrival time,Much quicker or a little quicker than I thought it would be,,,CAA Patient Experience Survey Australia,%,SA,64
11A.8,Patient experience of ambulance services,2017-18,Patient experience,All ages,All people,All people,All areas,,Patient experience,Ambulance arrival time,A little slower or much slower than I thought it would be,,,CAA Patient Experience Survey Australia,%,SA,7
11A.8,Patient experience of ambulance services,2017-18,Patient experience,All ages,All people,All people,All areas,,Patient experience,Ambulance arrival time,About what I thought it would be,,,CAA Patient Experience Survey Australia,%,SA,29
11A.8,Patient experience of ambulance services,2017-18,Patient experience,All ages,All people,All people,All areas,,Patient experience,Level of care provided by paramedics,Very good or good,,,CAA Patient Experience Survey Australia,%,SA,98
11A.8,Patient experience of ambulance services,2017-18,Patient experience,All ages,All people,All people,All areas,,Patient experience,Level of care provided by paramedics,Poor or very poor,,,CAA Patient Experience Survey Australia,%,SA,0
11A.8,Patient experience of ambulance services,2017-18,Patient experience,All ages,All people,All people,All areas,,Patient experience,Level of care provided by paramedics,OK,,,CAA Patient Experience Survey Australia,%,SA,2
11A.8,Patient experience of ambulance services,2017-18,Patient experience,All ages,All people,All people,All areas,,Patient experience,Level of trust and confidence in paramedics and their ability to provide quality care and treatment,Very high or high,,,CAA Patient Experience Survey Australia,%,SA,93
11A.8,Patient experience of ambulance services,2017-18,Patient experience,All ages,All people,All people,All areas,,Patient experience,Level of trust and confidence in paramedics and their ability to provide quality care and treatment,Low or very low,,,CAA Patient Experience Survey Australia,%,SA,0
11A.8,Patient experience of ambulance services,2017-18,Patient experience,All ages,All people,All people,All areas,,Patient experience,Level of trust and confidence in paramedics and their ability to provide quality care and treatment,Confident,,,CAA Patient Experience Survey Australia,%,SA,7
11A.8,Patient experience of ambulance services,2016-17,Patient experience,All ages,All people,All people,All areas,,Patient experience,Total number of patients surveyed,,,,CAA Patient Experience Survey Australia,no.,SA,1300
11A.8,Patient experience of ambulance services,2016-17,Patient experience,All ages,All people,All people,All areas,,Patient experience,Total number of usable responses,,,,CAA Patient Experience Survey Australia,no.,SA,359
11A.8,Patient experience of ambulance services,2016-17,Patient experience,All ages,All people,All people,All areas,,Patient experience,Overall satisfaction,Very satisfied or satisfied,,,CAA Patient Experience Survey Australia,%,SA,98
11A.8,Patient experience of ambulance services,2016-17,Patient experience,All ages,All people,All people,All areas,,Patient experience,Overall satisfaction,Very satisfied or satisfied,,95%CI,CAA Patient Experience Survey Australia,%,SA,5.2
11A.8,Patient experience of ambulance services,2016-17,Patient experience,All ages,All people,All people,All areas,,Patient experience,Overall satisfaction,Neither satisfied / dissatisfied,,,CAA Patient Experience Survey Australia,%,SA,1
11A.8,Patient experience of ambulance services,2016-17,Patient experience,All ages,All people,All people,All areas,,Patient experience,Overall satisfaction,Dissatisfied / very dissatisfied,,,CAA Patient Experience Survey Australia,%,SA,2
11A.8,Patient experience of ambulance services,2016-17,Patient experience,All ages,All people,All people,All areas,,Patient experience,Phone answer time,Much quicker or a little quicker than I thought it would be,,,CAA Patient Experience Survey Australia,%,SA,68
11A.8,Patient experience of ambulance services,2016-17,Patient experience,All ages,All people,All people,All areas,,Patient experience,Phone answer time,A little slower or much slower than I thought it would be,,,CAA Patient Experience Survey Australia,%,SA,3
11A.8,Patient experience of ambulance services,2016-17,Patient experience,All ages,All people,All people,All areas,,Patient experience,Phone answer time,About what I thought it would be,,,CAA Patient Experience Survey Australia,%,SA,29
11A.8,Patient experience of ambulance services,2016-17,Patient experience,All ages,All people,All people,All areas,,Patient experience,Ambulance arrival time,Much quicker or a little quicker than I thought it would be,,,CAA Patient Experience Survey Australia,%,SA,67
11A.8,Patient experience of ambulance services,2016-17,Patient experience,All ages,All people,All people,All areas,,Patient experience,Ambulance arrival time,A little slower or much slower than I thought it would be,,,CAA Patient Experience Survey Australia,%,SA,7
11A.8,Patient experience of ambulance services,2016-17,Patient experience,All ages,All people,All people,All areas,,Patient experience,Ambulance arrival time,About what I thought it would be,,,CAA Patient Experience Survey Australia,%,SA,26
11A.8,Patient experience of ambulance services,2016-17,Patient experience,All ages,All people,All people,All areas,,Patient experience,Level of care provided by paramedics,Very good or good,,,CAA Patient Experience Survey Australia,%,SA,98
11A.8,Patient experience of ambulance services,2016-17,Patient experience,All ages,All people,All people,All areas,,Patient experience,Level of care provided by paramedics,Poor or very poor,,,CAA Patient Experience Survey Australia,%,SA,1
11A.8,Patient experience of ambulance services,2016-17,Patient experience,All ages,All people,All people,All areas,,Patient experience,Level of care provided by paramedics,OK,,,CAA Patient Experience Survey Australia,%,SA,1
11A.8,Patient experience of ambulance services,2016-17,Patient experience,All ages,All people,All people,All areas,,Patient experience,Level of trust and confidence in paramedics and their ability to provide quality care and treatment,Very high or high,,,CAA Patient Experience Survey Australia,%,SA,92
11A.8,Patient experience of ambulance services,2016-17,Patient experience,All ages,All people,All people,All areas,,Patient experience,Level of trust and confidence in paramedics and their ability to provide quality care and treatment,Low or very low,,,CAA Patient Experience Survey Australia,%,SA,1
11A.8,Patient experience of ambulance services,2016-17,Patient experience,All ages,All people,All people,All areas,,Patient experience,Level of trust and confidence in paramedics and their ability to provide quality care and treatment,Confident,,,CAA Patient Experience Survey Australia,%,SA,7
11A.9,"Ambulance service organisations' operational workforce, by age group and attrition",2024-25,Operational workforce; by age group and attrition,<30 years old,All people,All people,All areas,,Ambulance service organisations,Operational workforce,,,,CAA (unpublished),no.,SA,569
11A.9,"Ambulance service organisations' operational workforce, by age group and attrition",2024-25,Operational workforce; by age group and attrition,30-39 years old,All people,All people,All areas,,Ambulance service organisations,Operational workforce,,,,CAA (unpublished),no.,SA,717
11A.9,"Ambulance service organisations' operational workforce, by age group and attrition",2024-25,Operational workforce; by age group and attrition,40-49 years old,All people,All people,All areas,,Ambulance service organisations,Operational workforce,,,,CAA (unpublished),no.,SA,490
11A.9,"Ambulance service organisations' operational workforce, by age group and attrition",2024-25,Operational workforce; by age group and attrition,50-59 years old,All people,All people,All areas,,Ambulance service organisations,Operational workforce,,,,CAA (unpublished),no.,SA,386
11A.9,"Ambulance service organisations' operational workforce, by age group and attrition",2024-25,Operational workforce; by age group and attrition,60+ years old,All people,All people,All areas,,Ambulance service organisations,Operational workforce,,,,CAA (unpublished),no.,SA,163
11A.9,"Ambulance service organisations' operational workforce, by age group and attrition",2024-25,Operational workforce; by age group and attrition,All ages,All people,All people,All areas,,Ambulance service organisations,Operational workforce,,,,Derived from CAA (unpublished),no.,SA,2325
11A.9,"Ambulance service organisations' operational workforce, by age group and attrition",2024-25,Operational workforce; by age group and attrition,<50 years old,All people,All people,All areas,,Ambulance service organisations,Operational workforce,,,,Derived from CAA (unpublished),%,SA,76.4
11A.9,"Ambulance service organisations' operational workforce, by age group and attrition",2024-25,Operational workforce; by age group and attrition,All ages,All people,All people,All areas,,Ambulance service organisations,Operational workforce,Total full-time equivalent (FTE),,,CAA (unpublished),no.,SA,1727
11A.9,"Ambulance service organisations' operational workforce, by age group and attrition",2024-25,Operational workforce; by age group and attrition,All ages,All people,All people,All areas,,Ambulance service organisations,Operational workforce,Exited the organisation during the year (FTE),,,CAA (unpublished),no.,SA,56
11A.9,"Ambulance service organisations' operational workforce, by age group and attrition",2024-25,Operational workforce; by age group and attrition,All ages,All people,All people,All areas,,Ambulance service organisations,Operational workforce,Attrition rate,,,Derived from CAA (unpublished),%,SA,3.2
11A.9,"Ambulance service organisations' operational workforce, by age group and attrition",2023-24,Operational workforce; by age group and attrition,<30 years old,All people,All people,All areas,,Ambulance service organisations,Operational workforce,,,,CAA (unpublished),no.,SA,534
11A.9,"Ambulance service organisations' operational workforce, by age group and attrition",2023-24,Operational workforce; by age group and attrition,30-39 years old,All people,All people,All areas,,Ambulance service organisations,Operational workforce,,,,CAA (unpublished),no.,SA,564
11A.9,"Ambulance service organisations' operational workforce, by age group and attrition",2023-24,Operational workforce; by age group and attrition,40-49 years old,All people,All people,All areas,,Ambulance service organisations,Operational workforce,,,,CAA (unpublished),no.,SA,418
11A.9,"Ambulance service organisations' operational workforce, by age group and attrition",2023-24,Operational workforce; by age group and attrition,50-59 years old,All people,All people,All areas,,Ambulance service organisations,Operational workforce,,,,CAA (unpublished),no.,SA,344
11A.9,"Ambulance service organisations' operational workforce, by age group and attrition",2023-24,Operational workforce; by age group and attrition,60+ years old,All people,All people,All areas,,Ambulance service organisations,Operational workforce,,,,CAA (unpublished),no.,SA,144
11A.9,"Ambulance service organisations' operational workforce, by age group and attrition",2023-24,Operational workforce; by age group and attrition,All ages,All people,All people,All areas,,Ambulance service organisations,Operational workforce,,,,Derived from CAA (unpublished),no.,SA,2004
11A.9,"Ambulance service organisations' operational workforce, by age group and attrition",2023-24,Operational workforce; by age group and attrition,<50 years old,All people,All people,All areas,,Ambulance service organisations,Operational workforce,,,,Derived from CAA (unpublished),%,SA,75.6
11A.9,"Ambulance service organisations' operational workforce, by age group and attrition",2023-24,Operational workforce; by age group and attrition,All ages,All people,All people,All areas,,Ambulance service organisations,Operational workforce,Total full-time equivalent (FTE),,,CAA (unpublished),no.,SA,1610
11A.9,"Ambulance service organisations' operational workforce, by age group and attrition",2023-24,Operational workforce; by age group and attrition,All ages,All people,All people,All areas,,Ambulance service organisations,Operational workforce,Exited the organisation during the year (FTE),,,CAA (unpublished),no.,SA,48
11A.9,"Ambulance service organisations' operational workforce, by age group and attrition",2023-24,Operational workforce; by age group and attrition,All ages,All people,All people,All areas,,Ambulance service organisations,Operational workforce,Attrition rate,,,Derived from CAA (unpublished),%,SA,3.0
11A.9,"Ambulance service organisations' operational workforce, by age group and attrition",2022-23,Operational workforce; by age group and attrition,<30 years old,All people,All people,All areas,,Ambulance service organisations,Operational workforce,,,,CAA (unpublished),no.,SA,488
11A.9,"Ambulance service organisations' operational workforce, by age group and attrition",2022-23,Operational workforce; by age group and attrition,30-39 years old,All people,All people,All areas,,Ambulance service organisations,Operational workforce,,,,CAA (unpublished),no.,SA,552
11A.9,"Ambulance service organisations' operational workforce, by age group and attrition",2022-23,Operational workforce; by age group and attrition,40-49 years old,All people,All people,All areas,,Ambulance service organisations,Operational workforce,,,,CAA (unpublished),no.,SA,403
11A.9,"Ambulance service organisations' operational workforce, by age group and attrition",2022-23,Operational workforce; by age group and attrition,50-59 years old,All people,All people,All areas,,Ambulance service organisations,Operational workforce,,,,CAA (unpublished),no.,SA,348
11A.9,"Ambulance service organisations' operational workforce, by age group and attrition",2022-23,Operational workforce; by age group and attrition,60+ years old,All people,All people,All areas,,Ambulance service organisations,Operational workforce,,,,CAA (unpublished),no.,SA,159
11A.9,"Ambulance service organisations' operational workforce, by age group and attrition",2022-23,Operational workforce; by age group and attrition,All ages,All people,All people,All areas,,Ambulance service organisations,Operational workforce,,,,Derived from CAA (unpublished),no.,SA,1950
11A.9,"Ambulance service organisations' operational workforce, by age group and attrition",2022-23,Operational workforce; by age group and attrition,<50 years old,All people,All people,All areas,,Ambulance service organisations,Operational workforce,,,,Derived from CAA (unpublished),%,SA,74.0
11A.9,"Ambulance service organisations' operational workforce, by age group and attrition",2022-23,Operational workforce; by age group and attrition,All ages,All people,All people,All areas,,Ambulance service organisations,Operational workforce,Total full-time equivalent (FTE),,,CAA (unpublished),no.,SA,1530
11A.9,"Ambulance service organisations' operational workforce, by age group and attrition",2022-23,Operational workforce; by age group and attrition,All ages,All people,All people,All areas,,Ambulance service organisations,Operational workforce,Exited the organisation during the year (FTE),,,CAA (unpublished),no.,SA,45
11A.9,"Ambulance service organisations' operational workforce, by age group and attrition",2022-23,Operational workforce; by age group and attrition,All ages,All people,All people,All areas,,Ambulance service organisations,Operational workforce,Attrition rate,,,Derived from CAA (unpublished),%,SA,2.9
11A.9,"Ambulance service organisations' operational workforce, by age group and attrition",2021-22,Operational workforce; by age group and attrition,<30 years old,All people,All people,All areas,,Ambulance service organisations,Operational workforce,,,,CAA (unpublished),no.,SA,495
11A.9,"Ambulance service organisations' operational workforce, by age group and attrition",2021-22,Operational workforce; by age group and attrition,30-39 years old,All people,All people,All areas,,Ambulance service organisations,Operational workforce,,,,CAA (unpublished),no.,SA,491
11A.9,"Ambulance service organisations' operational workforce, by age group and attrition",2021-22,Operational workforce; by age group and attrition,40-49 years old,All people,All people,All areas,,Ambulance service organisations,Operational workforce,,,,CAA (unpublished),no.,SA,384
11A.9,"Ambulance service organisations' operational workforce, by age group and attrition",2021-22,Operational workforce; by age group and attrition,50-59 years old,All people,All people,All areas,,Ambulance service organisations,Operational workforce,,,,CAA (unpublished),no.,SA,332
11A.9,"Ambulance service organisations' operational workforce, by age group and attrition",2021-22,Operational workforce; by age group and attrition,60+ years old,All people,All people,All areas,,Ambulance service organisations,Operational workforce,,,,CAA (unpublished),no.,SA,112
11A.9,"Ambulance service organisations' operational workforce, by age group and attrition",2021-22,Operational workforce; by age group and attrition,All ages,All people,All people,All areas,,Ambulance service organisations,Operational workforce,,,,Derived from CAA (unpublished),no.,SA,1814
11A.9,"Ambulance service organisations' operational workforce, by age group and attrition",2021-22,Operational workforce; by age group and attrition,<50 years old,All people,All people,All areas,,Ambulance service organisations,Operational workforce,,,,Derived from CAA (unpublished),%,SA,75.5
11A.9,"Ambulance service organisations' operational workforce, by age group and attrition",2021-22,Operational workforce; by age group and attrition,All ages,All people,All people,All areas,,Ambulance service organisations,Operational workforce,Total full-time equivalent (FTE),,,CAA (unpublished),no.,SA,1414
11A.9,"Ambulance service organisations' operational workforce, by age group and attrition",2021-22,Operational workforce; by age group and attrition,All ages,All people,All people,All areas,,Ambulance service organisations,Operational workforce,Exited the organisation during the year (FTE),,,CAA (unpublished),no.,SA,40
11A.9,"Ambulance service organisations' operational workforce, by age group and attrition",2021-22,Operational workforce; by age group and attrition,All ages,All people,All people,All areas,,Ambulance service organisations,Operational workforce,Attrition rate,,,Derived from CAA (unpublished),%,SA,2.8
11A.9,"Ambulance service organisations' operational workforce, by age group and attrition",2020-21,Operational workforce; by age group and attrition,<30 years old,All people,All people,All areas,,Ambulance service organisations,Operational workforce,,,,CAA (unpublished),no.,SA,321
11A.9,"Ambulance service organisations' operational workforce, by age group and attrition",2020-21,Operational workforce; by age group and attrition,30-39 years old,All people,All people,All areas,,Ambulance service organisations,Operational workforce,,,,CAA (unpublished),no.,SA,415
11A.9,"Ambulance service organisations' operational workforce, by age group and attrition",2020-21,Operational workforce; by age group and attrition,40-49 years old,All people,All people,All areas,,Ambulance service organisations,Operational workforce,,,,CAA (unpublished),no.,SA,338
11A.9,"Ambulance service organisations' operational workforce, by age group and attrition",2020-21,Operational workforce; by age group and attrition,50-59 years old,All people,All people,All areas,,Ambulance service organisations,Operational workforce,,,,CAA (unpublished),no.,SA,288
11A.9,"Ambulance service organisations' operational workforce, by age group and attrition",2020-21,Operational workforce; by age group and attrition,60+ years old,All people,All people,All areas,,Ambulance service organisations,Operational workforce,,,,CAA (unpublished),no.,SA,94
11A.9,"Ambulance service organisations' operational workforce, by age group and attrition",2020-21,Operational workforce; by age group and attrition,All ages,All people,All people,All areas,,Ambulance service organisations,Operational workforce,,,,Derived from CAA (unpublished),no.,SA,1456
11A.9,"Ambulance service organisations' operational workforce, by age group and attrition",2020-21,Operational workforce; by age group and attrition,<50 years old,All people,All people,All areas,,Ambulance service organisations,Operational workforce,,,,Derived from CAA (unpublished),%,SA,73.8
11A.9,"Ambulance service organisations' operational workforce, by age group and attrition",2020-21,Operational workforce; by age group and attrition,All ages,All people,All people,All areas,,Ambulance service organisations,Operational workforce,Total full-time equivalent (FTE),,,CAA (unpublished),no.,SA,1345
11A.9,"Ambulance service organisations' operational workforce, by age group and attrition",2020-21,Operational workforce; by age group and attrition,All ages,All people,All people,All areas,,Ambulance service organisations,Operational workforce,Exited the organisation during the year (FTE),,,CAA (unpublished),no.,SA,31
11A.9,"Ambulance service organisations' operational workforce, by age group and attrition",2020-21,Operational workforce; by age group and attrition,All ages,All people,All people,All areas,,Ambulance service organisations,Operational workforce,Attrition rate,,,Derived from CAA (unpublished),%,SA,2.3
11A.9,"Ambulance service organisations' operational workforce, by age group and attrition",2019-20,Operational workforce; by age group and attrition,<30 years old,All people,All people,All areas,,Ambulance service organisations,Operational workforce,,,,CAA (unpublished),no.,SA,300
11A.9,"Ambulance service organisations' operational workforce, by age group and attrition",2019-20,Operational workforce; by age group and attrition,30-39 years old,All people,All people,All areas,,Ambulance service organisations,Operational workforce,,,,CAA (unpublished),no.,SA,401
11A.9,"Ambulance service organisations' operational workforce, by age group and attrition",2019-20,Operational workforce; by age group and attrition,40-49 years old,All people,All people,All areas,,Ambulance service organisations,Operational workforce,,,,CAA (unpublished),no.,SA,345
11A.9,"Ambulance service organisations' operational workforce, by age group and attrition",2019-20,Operational workforce; by age group and attrition,50-59 years old,All people,All people,All areas,,Ambulance service organisations,Operational workforce,,,,CAA (unpublished),no.,SA,281
11A.9,"Ambulance service organisations' operational workforce, by age group and attrition",2019-20,Operational workforce; by age group and attrition,60+ years old,All people,All people,All areas,,Ambulance service organisations,Operational workforce,,,,CAA (unpublished),no.,SA,88
11A.9,"Ambulance service organisations' operational workforce, by age group and attrition",2019-20,Operational workforce; by age group and attrition,All ages,All people,All people,All areas,,Ambulance service organisations,Operational workforce,,,,Derived from CAA (unpublished),no.,SA,1415
11A.9,"Ambulance service organisations' operational workforce, by age group and attrition",2019-20,Operational workforce; by age group and attrition,<50 years old,All people,All people,All areas,,Ambulance service organisations,Operational workforce,,,,Derived from CAA (unpublished),%,SA,73.9
11A.9,"Ambulance service organisations' operational workforce, by age group and attrition",2019-20,Operational workforce; by age group and attrition,All ages,All people,All people,All areas,,Ambulance service organisations,Operational workforce,Total full-time equivalent (FTE),,,CAA (unpublished),no.,SA,1309
11A.9,"Ambulance service organisations' operational workforce, by age group and attrition",2019-20,Operational workforce; by age group and attrition,All ages,All people,All people,All areas,,Ambulance service organisations,Operational workforce,Exited the organisation during the year (FTE),,,CAA (unpublished),no.,SA,44
11A.9,"Ambulance service organisations' operational workforce, by age group and attrition",2019-20,Operational workforce; by age group and attrition,All ages,All people,All people,All areas,,Ambulance service organisations,Operational workforce,Attrition rate,,,Derived from CAA (unpublished),%,SA,3.4
11A.9,"Ambulance service organisations' operational workforce, by age group and attrition",2018-19,Operational workforce; by age group and attrition,<30 years old,All people,All people,All areas,,Ambulance service organisations,Operational workforce,,,,CAA (unpublished),no.,SA,287
11A.9,"Ambulance service organisations' operational workforce, by age group and attrition",2018-19,Operational workforce; by age group and attrition,30-39 years old,All people,All people,All areas,,Ambulance service organisations,Operational workforce,,,,CAA (unpublished),no.,SA,385
11A.9,"Ambulance service organisations' operational workforce, by age group and attrition",2018-19,Operational workforce; by age group and attrition,40-49 years old,All people,All people,All areas,,Ambulance service organisations,Operational workforce,,,,CAA (unpublished),no.,SA,343
11A.9,"Ambulance service organisations' operational workforce, by age group and attrition",2018-19,Operational workforce; by age group and attrition,50-59 years old,All people,All people,All areas,,Ambulance service organisations,Operational workforce,,,,CAA (unpublished),no.,SA,278
11A.9,"Ambulance service organisations' operational workforce, by age group and attrition",2018-19,Operational workforce; by age group and attrition,60+ years old,All people,All people,All areas,,Ambulance service organisations,Operational workforce,,,,CAA (unpublished),no.,SA,76
11A.9,"Ambulance service organisations' operational workforce, by age group and attrition",2018-19,Operational workforce; by age group and attrition,All ages,All people,All people,All areas,,Ambulance service organisations,Operational workforce,,,,Derived from CAA (unpublished),no.,SA,1369
11A.9,"Ambulance service organisations' operational workforce, by age group and attrition",2018-19,Operational workforce; by age group and attrition,<50 years old,All people,All people,All areas,,Ambulance service organisations,Operational workforce,,,,Derived from CAA (unpublished),%,SA,74.1
11A.9,"Ambulance service organisations' operational workforce, by age group and attrition",2018-19,Operational workforce; by age group and attrition,All ages,All people,All people,All areas,,Ambulance service organisations,Operational workforce,Total full-time equivalent (FTE),,,CAA (unpublished),no.,SA,1248
11A.9,"Ambulance service organisations' operational workforce, by age group and attrition",2018-19,Operational workforce; by age group and attrition,All ages,All people,All people,All areas,,Ambulance service organisations,Operational workforce,Exited the organisation during the year (FTE),,,CAA (unpublished),no.,SA,33
11A.9,"Ambulance service organisations' operational workforce, by age group and attrition",2018-19,Operational workforce; by age group and attrition,All ages,All people,All people,All areas,,Ambulance service organisations,Operational workforce,Attrition rate,,,Derived from CAA (unpublished),%,SA,2.6
11A.9,"Ambulance service organisations' operational workforce, by age group and attrition",2017-18,Operational workforce; by age group and attrition,<30 years old,All people,All people,All areas,,Ambulance service organisations,Operational workforce,,,,CAA (unpublished),no.,SA,295
11A.9,"Ambulance service organisations' operational workforce, by age group and attrition",2017-18,Operational workforce; by age group and attrition,30-39 years old,All people,All people,All areas,,Ambulance service organisations,Operational workforce,,,,CAA (unpublished),no.,SA,377
11A.9,"Ambulance service organisations' operational workforce, by age group and attrition",2017-18,Operational workforce; by age group and attrition,40-49 years old,All people,All people,All areas,,Ambulance service organisations,Operational workforce,,,,CAA (unpublished),no.,SA,362
11A.9,"Ambulance service organisations' operational workforce, by age group and attrition",2017-18,Operational workforce; by age group and attrition,50-59 years old,All people,All people,All areas,,Ambulance service organisations,Operational workforce,,,,CAA (unpublished),no.,SA,305
11A.9,"Ambulance service organisations' operational workforce, by age group and attrition",2017-18,Operational workforce; by age group and attrition,60+ years old,All people,All people,All areas,,Ambulance service organisations,Operational workforce,,,,CAA (unpublished),no.,SA,55
11A.9,"Ambulance service organisations' operational workforce, by age group and attrition",2017-18,Operational workforce; by age group and attrition,All ages,All people,All people,All areas,,Ambulance service organisations,Operational workforce,,,,Derived from CAA (unpublished),no.,SA,1394
11A.9,"Ambulance service organisations' operational workforce, by age group and attrition",2017-18,Operational workforce; by age group and attrition,<50 years old,All people,All people,All areas,,Ambulance service organisations,Operational workforce,,,,Derived from CAA (unpublished),%,SA,74.2
11A.9,"Ambulance service organisations' operational workforce, by age group and attrition",2017-18,Operational workforce; by age group and attrition,All ages,All people,All people,All areas,,Ambulance service organisations,Operational workforce,Total full-time equivalent (FTE),,,CAA (unpublished),no.,SA,1171
11A.9,"Ambulance service organisations' operational workforce, by age group and attrition",2017-18,Operational workforce; by age group and attrition,All ages,All people,All people,All areas,,Ambulance service organisations,Operational workforce,Exited the organisation during the year (FTE),,,CAA (unpublished),no.,SA,28
11A.9,"Ambulance service organisations' operational workforce, by age group and attrition",2017-18,Operational workforce; by age group and attrition,All ages,All people,All people,All areas,,Ambulance service organisations,Operational workforce,Attrition rate,,,Derived from CAA (unpublished),%,SA,2.4
11A.9,"Ambulance service organisations' operational workforce, by age group and attrition",2016-17,Operational workforce; by age group and attrition,<30 years old,All people,All people,All areas,,Ambulance service organisations,Operational workforce,,,,CAA (unpublished),no.,SA,276
11A.9,"Ambulance service organisations' operational workforce, by age group and attrition",2016-17,Operational workforce; by age group and attrition,30-39 years old,All people,All people,All areas,,Ambulance service organisations,Operational workforce,,,,CAA (unpublished),no.,SA,365
11A.9,"Ambulance service organisations' operational workforce, by age group and attrition",2016-17,Operational workforce; by age group and attrition,40-49 years old,All people,All people,All areas,,Ambulance service organisations,Operational workforce,,,,CAA (unpublished),no.,SA,387
11A.9,"Ambulance service organisations' operational workforce, by age group and attrition",2016-17,Operational workforce; by age group and attrition,50-59 years old,All people,All people,All areas,,Ambulance service organisations,Operational workforce,,,,CAA (unpublished),no.,SA,299
11A.9,"Ambulance service organisations' operational workforce, by age group and attrition",2016-17,Operational workforce; by age group and attrition,60+ years old,All people,All people,All areas,,Ambulance service organisations,Operational workforce,,,,CAA (unpublished),no.,SA,70
11A.9,"Ambulance service organisations' operational workforce, by age group and attrition",2016-17,Operational workforce; by age group and attrition,All ages,All people,All people,All areas,,Ambulance service organisations,Operational workforce,,,,Derived from CAA (unpublished),no.,SA,1397
11A.9,"Ambulance service organisations' operational workforce, by age group and attrition",2016-17,Operational workforce; by age group and attrition,<50 years old,All people,All people,All areas,,Ambulance service organisations,Operational workforce,,,,Derived from CAA (unpublished),%,SA,73.6
11A.9,"Ambulance service organisations' operational workforce, by age group and attrition",2016-17,Operational workforce; by age group and attrition,All ages,All people,All people,All areas,,Ambulance service organisations,Operational workforce,Total full-time equivalent (FTE),,,CAA (unpublished),no.,SA,1082
11A.9,"Ambulance service organisations' operational workforce, by age group and attrition",2016-17,Operational workforce; by age group and attrition,All ages,All people,All people,All areas,,Ambulance service organisations,Operational workforce,Exited the organisation during the year (FTE),,,CAA (unpublished),no.,SA,21
11A.9,"Ambulance service organisations' operational workforce, by age group and attrition",2016-17,Operational workforce; by age group and attrition,All ages,All people,All people,All areas,,Ambulance service organisations,Operational workforce,Attrition rate,,,Derived from CAA (unpublished),%,SA,1.9
11A.9,"Ambulance service organisations' operational workforce, by age group and attrition",2015-16,Operational workforce; by age group and attrition,<30 years old,All people,All people,All areas,,Ambulance service organisations,Operational workforce,,,,CAA (unpublished),no.,SA,222
11A.9,"Ambulance service organisations' operational workforce, by age group and attrition",2015-16,Operational workforce; by age group and attrition,30-39 years old,All people,All people,All areas,,Ambulance service organisations,Operational workforce,,,,CAA (unpublished),no.,SA,335
11A.9,"Ambulance service organisations' operational workforce, by age group and attrition",2015-16,Operational workforce; by age group and attrition,40-49 years old,All people,All people,All areas,,Ambulance service organisations,Operational workforce,,,,CAA (unpublished),no.,SA,318
11A.9,"Ambulance service organisations' operational workforce, by age group and attrition",2015-16,Operational workforce; by age group and attrition,50-59 years old,All people,All people,All areas,,Ambulance service organisations,Operational workforce,,,,CAA (unpublished),no.,SA,259
11A.9,"Ambulance service organisations' operational workforce, by age group and attrition",2015-16,Operational workforce; by age group and attrition,60+ years old,All people,All people,All areas,,Ambulance service organisations,Operational workforce,,,,CAA (unpublished),no.,SA,51
11A.9,"Ambulance service organisations' operational workforce, by age group and attrition",2015-16,Operational workforce; by age group and attrition,All ages,All people,All people,All areas,,Ambulance service organisations,Operational workforce,,,,Derived from CAA (unpublished),no.,SA,1185
11A.9,"Ambulance service organisations' operational workforce, by age group and attrition",2015-16,Operational workforce; by age group and attrition,<50 years old,All people,All people,All areas,,Ambulance service organisations,Operational workforce,,,,Derived from CAA (unpublished),%,SA,73.8
11A.9,"Ambulance service organisations' operational workforce, by age group and attrition",2015-16,Operational workforce; by age group and attrition,All ages,All people,All people,All areas,,Ambulance service organisations,Operational workforce,Total full-time equivalent (FTE),,,CAA (unpublished),no.,SA,1000
11A.9,"Ambulance service organisations' operational workforce, by age group and attrition",2015-16,Operational workforce; by age group and attrition,All ages,All people,All people,All areas,,Ambulance service organisations,Operational workforce,Exited the organisation during the year (FTE),,,CAA (unpublished),no.,SA,17
11A.9,"Ambulance service organisations' operational workforce, by age group and attrition",2015-16,Operational workforce; by age group and attrition,All ages,All people,All people,All areas,,Ambulance service organisations,Operational workforce,Attrition rate,,,Derived from CAA (unpublished),%,SA,1.7
11A.10,Enrolments in accredited paramedic training courses,2024,Enrolments in accredited paramedic training courses,All ages,All people,All people,All areas,,Enrolments in accredited paramedic training courses,Total student enrolments,,,,CAA (unpublished),no.,SA,544
11A.10,Enrolments in accredited paramedic training courses,2024,Enrolments in accredited paramedic training courses,All ages,All people,All people,All areas,,Enrolments in accredited paramedic training courses,Students enrolled in final year,,,,CAA (unpublished),no.,SA,146
11A.10,Enrolments in accredited paramedic training courses,2024,Enrolments in accredited paramedic training courses,All ages,All people,All people,All areas,,Enrolments in accredited paramedic training courses,Total student enrolments,,Per 1 million people,,Derived from CAA (unpublished); ABS National state and territory population - June,rate,SA,289.7
11A.10,Enrolments in accredited paramedic training courses,2024,Enrolments in accredited paramedic training courses,All ages,All people,All people,All areas,,Enrolments in accredited paramedic training courses,Students enrolled in final year,,Per 1 million people,,Derived from CAA (unpublished); ABS National state and territory population - June,rate,SA,77.7
11A.10,Enrolments in accredited paramedic training courses,2023,Enrolments in accredited paramedic training courses,All ages,All people,All people,All areas,,Enrolments in accredited paramedic training courses,Total student enrolments,,,,CAA (unpublished),no.,SA,441
11A.10,Enrolments in accredited paramedic training courses,2023,Enrolments in accredited paramedic training courses,All ages,All people,All people,All areas,,Enrolments in accredited paramedic training courses,Students enrolled in final year,,,,CAA (unpublished),no.,SA,105
11A.10,Enrolments in accredited paramedic training courses,2023,Enrolments in accredited paramedic training courses,All ages,All people,All people,All areas,,Enrolments in accredited paramedic training courses,Total student enrolments,,Per 1 million people,,Derived from CAA (unpublished); ABS National state and territory population - June,rate,SA,238.2
11A.10,Enrolments in accredited paramedic training courses,2023,Enrolments in accredited paramedic training courses,All ages,All people,All people,All areas,,Enrolments in accredited paramedic training courses,Students enrolled in final year,,Per 1 million people,,Derived from CAA (unpublished); ABS National state and territory population - June,rate,SA,56.7
11A.10,Enrolments in accredited paramedic training courses,2022,Enrolments in accredited paramedic training courses,All ages,All people,All people,All areas,,Enrolments in accredited paramedic training courses,Total student enrolments,,,,CAA (unpublished),no.,SA,405
11A.10,Enrolments in accredited paramedic training courses,2022,Enrolments in accredited paramedic training courses,All ages,All people,All people,All areas,,Enrolments in accredited paramedic training courses,Students enrolled in final year,,,,CAA (unpublished),no.,SA,99
11A.10,Enrolments in accredited paramedic training courses,2022,Enrolments in accredited paramedic training courses,All ages,All people,All people,All areas,,Enrolments in accredited paramedic training courses,Total student enrolments,,Per 1 million people,,Derived from CAA (unpublished); ABS National state and territory population - June,rate,SA,222.5
11A.10,Enrolments in accredited paramedic training courses,2022,Enrolments in accredited paramedic training courses,All ages,All people,All people,All areas,,Enrolments in accredited paramedic training courses,Students enrolled in final year,,Per 1 million people,,Derived from CAA (unpublished); ABS National state and territory population - June,rate,SA,54.4
11A.10,Enrolments in accredited paramedic training courses,2021,Enrolments in accredited paramedic training courses,All ages,All people,All people,All areas,,Enrolments in accredited paramedic training courses,Total student enrolments,,,,CAA (unpublished),no.,SA,429
11A.10,Enrolments in accredited paramedic training courses,2021,Enrolments in accredited paramedic training courses,All ages,All people,All people,All areas,,Enrolments in accredited paramedic training courses,Students enrolled in final year,,,,CAA (unpublished),no.,SA,99
11A.10,Enrolments in accredited paramedic training courses,2021,Enrolments in accredited paramedic training courses,All ages,All people,All people,All areas,,Enrolments in accredited paramedic training courses,Total student enrolments,,Per 1 million people,,Derived from CAA (unpublished); ABS National state and territory population - June,rate,SA,238.0
11A.10,Enrolments in accredited paramedic training courses,2021,Enrolments in accredited paramedic training courses,All ages,All people,All people,All areas,,Enrolments in accredited paramedic training courses,Students enrolled in final year,,Per 1 million people,,Derived from CAA (unpublished); ABS National state and territory population - June,rate,SA,54.9
11A.10,Enrolments in accredited paramedic training courses,2020,Enrolments in accredited paramedic training courses,All ages,All people,All people,All areas,,Enrolments in accredited paramedic training courses,Total student enrolments,,,,CAA (unpublished),no.,SA,353
11A.10,Enrolments in accredited paramedic training courses,2020,Enrolments in accredited paramedic training courses,All ages,All people,All people,All areas,,Enrolments in accredited paramedic training courses,Students enrolled in final year,,,,CAA (unpublished),no.,SA,94
11A.10,Enrolments in accredited paramedic training courses,2020,Enrolments in accredited paramedic training courses,All ages,All people,All people,All areas,,Enrolments in accredited paramedic training courses,Total student enrolments,,Per 1 million people,,Derived from CAA (unpublished); ABS National state and territory population - June,rate,SA,197.2
11A.10,Enrolments in accredited paramedic training courses,2020,Enrolments in accredited paramedic training courses,All ages,All people,All people,All areas,,Enrolments in accredited paramedic training courses,Students enrolled in final year,,Per 1 million people,,Derived from CAA (unpublished); ABS National state and territory population - June,rate,SA,52.5
11A.10,Enrolments in accredited paramedic training courses,2019,Enrolments in accredited paramedic training courses,All ages,All people,All people,All areas,,Enrolments in accredited paramedic training courses,Total student enrolments,,,,CAA (unpublished),no.,SA,340
11A.10,Enrolments in accredited paramedic training courses,2019,Enrolments in accredited paramedic training courses,All ages,All people,All people,All areas,,Enrolments in accredited paramedic training courses,Students enrolled in final year,,,,CAA (unpublished),no.,SA,97
11A.10,Enrolments in accredited paramedic training courses,2019,Enrolments in accredited paramedic training courses,All ages,All people,All people,All areas,,Enrolments in accredited paramedic training courses,Total student enrolments,,Per 1 million people,,Derived from CAA (unpublished); ABS National state and territory population - June,rate,SA,192.4
11A.10,Enrolments in accredited paramedic training courses,2019,Enrolments in accredited paramedic training courses,All ages,All people,All people,All areas,,Enrolments in accredited paramedic training courses,Students enrolled in final year,,Per 1 million people,,Derived from CAA (unpublished); ABS National state and territory population - June,rate,SA,54.9
11A.10,Enrolments in accredited paramedic training courses,2018,Enrolments in accredited paramedic training courses,All ages,All people,All people,All areas,,Enrolments in accredited paramedic training courses,Total student enrolments,,,,CAA (unpublished),no.,SA,299
11A.10,Enrolments in accredited paramedic training courses,2018,Enrolments in accredited paramedic training courses,All ages,All people,All people,All areas,,Enrolments in accredited paramedic training courses,Students enrolled in final year,,,,CAA (unpublished),no.,SA,103
11A.10,Enrolments in accredited paramedic training courses,2018,Enrolments in accredited paramedic training courses,All ages,All people,All people,All areas,,Enrolments in accredited paramedic training courses,Total student enrolments,,Per 1 million people,,Derived from CAA (unpublished); ABS National state and territory population - June,rate,SA,171.2
11A.10,Enrolments in accredited paramedic training courses,2018,Enrolments in accredited paramedic training courses,All ages,All people,All people,All areas,,Enrolments in accredited paramedic training courses,Students enrolled in final year,,Per 1 million people,,Derived from CAA (unpublished); ABS National state and territory population - June,rate,SA,59.0
11A.10,Enrolments in accredited paramedic training courses,2017,Enrolments in accredited paramedic training courses,All ages,All people,All people,All areas,,Enrolments in accredited paramedic training courses,Total student enrolments,,,,CAA (unpublished),no.,SA,350
11A.10,Enrolments in accredited paramedic training courses,2017,Enrolments in accredited paramedic training courses,All ages,All people,All people,All areas,,Enrolments in accredited paramedic training courses,Students enrolled in final year,,,,CAA (unpublished),no.,SA,108
11A.10,Enrolments in accredited paramedic training courses,2017,Enrolments in accredited paramedic training courses,All ages,All people,All people,All areas,,Enrolments in accredited paramedic training courses,Total student enrolments,,Per 1 million people,,Derived from CAA (unpublished); ABS National state and territory population - June,rate,SA,202.5
11A.10,Enrolments in accredited paramedic training courses,2017,Enrolments in accredited paramedic training courses,All ages,All people,All people,All areas,,Enrolments in accredited paramedic training courses,Students enrolled in final year,,Per 1 million people,,Derived from CAA (unpublished); ABS National state and territory population - June,rate,SA,62.5
11A.10,Enrolments in accredited paramedic training courses,2016,Enrolments in accredited paramedic training courses,All ages,All people,All people,All areas,,Enrolments in accredited paramedic training courses,Total student enrolments,,,,CAA (unpublished),no.,SA,356
11A.10,Enrolments in accredited paramedic training courses,2016,Enrolments in accredited paramedic training courses,All ages,All people,All people,All areas,,Enrolments in accredited paramedic training courses,Students enrolled in final year,,,,CAA (unpublished),no.,SA,109
11A.10,Enrolments in accredited paramedic training courses,2016,Enrolments in accredited paramedic training courses,All ages,All people,All people,All areas,,Enrolments in accredited paramedic training courses,Total student enrolments,,Per 1 million people,,Derived from CAA (unpublished); ABS National state and territory population - June,rate,SA,207.8
11A.10,Enrolments in accredited paramedic training courses,2016,Enrolments in accredited paramedic training courses,All ages,All people,All people,All areas,,Enrolments in accredited paramedic training courses,Students enrolled in final year,,Per 1 million people,,Derived from CAA (unpublished); ABS National state and territory population - June,rate,SA,63.6
11A.10,Enrolments in accredited paramedic training courses,2015,Enrolments in accredited paramedic training courses,All ages,All people,All people,All areas,,Enrolments in accredited paramedic training courses,Total student enrolments,,,,CAA (unpublished),no.,SA,432
11A.10,Enrolments in accredited paramedic training courses,2015,Enrolments in accredited paramedic training courses,All ages,All people,All people,All areas,,Enrolments in accredited paramedic training courses,Students enrolled in final year,,,,CAA (unpublished),no.,SA,173
11A.10,Enrolments in accredited paramedic training courses,2015,Enrolments in accredited paramedic training courses,All ages,All people,All people,All areas,,Enrolments in accredited paramedic training courses,Total student enrolments,,Per 1 million people,,Derived from CAA (unpublished); ABS National state and territory population - June,rate,SA,254.0
11A.10,Enrolments in accredited paramedic training courses,2015,Enrolments in accredited paramedic training courses,All ages,All people,All people,All areas,,Enrolments in accredited paramedic training courses,Students enrolled in final year,,Per 1 million people,,Derived from CAA (unpublished); ABS National state and territory population - June,rate,SA,101.7
11A.11,"Ambulance service organisations' expenditure, 2024-25 dollars",2024-25,Ambulance service organisations' expenditure,All ages,All people,All people,All areas,2024-25 dollars,Ambulance service organisations,Expenditure,Labour costs,,,Derived from CAA (unpublished); ABS Australian National Accounts: National Income Expenditure and Product,$'000,SA,352393
11A.11,"Ambulance service organisations' expenditure, 2024-25 dollars",2024-25,Ambulance service organisations' expenditure,All ages,All people,All people,All areas,2024-25 dollars,Ambulance service organisations,Expenditure,Capital costs,Depreciation,,Derived from CAA (unpublished); ABS Australian National Accounts: National Income Expenditure and Product,$'000,SA,21315
11A.11,"Ambulance service organisations' expenditure, 2024-25 dollars",2024-25,Ambulance service organisations' expenditure,All ages,All people,All people,All areas,2024-25 dollars,Ambulance service organisations,Expenditure,Capital costs,User cost of capital - Other assets,,Derived from CAA (unpublished); ABS Australian National Accounts: National Income Expenditure and Product,$'000,SA,24607
11A.11,"Ambulance service organisations' expenditure, 2024-25 dollars",2024-25,Ambulance service organisations' expenditure,All ages,All people,All people,All areas,2024-25 dollars,Ambulance service organisations,Expenditure,Other costs,,,Derived from CAA (unpublished); ABS Australian National Accounts: National Income Expenditure and Product,$'000,SA,136214
11A.11,"Ambulance service organisations' expenditure, 2024-25 dollars",2024-25,Ambulance service organisations' expenditure,All ages,All people,All people,All areas,2024-25 dollars,Ambulance service organisations,Expenditure,Total,,,Derived from CAA (unpublished); ABS Australian National Accounts: National Income Expenditure and Product,$'000,SA,534529
11A.11,"Ambulance service organisations' expenditure, 2024-25 dollars",2024-25,Ambulance service organisations' expenditure,All ages,All people,All people,All areas,2024-25 dollars,Ambulance service organisations,Expenditure,Total,Per person in the population,,Derived from CAA (unpublished); ABS Australian National Accounts: National Income Expenditure and Product; ABS National state and territory population - December,$,SA,282.57
11A.11,"Ambulance service organisations' expenditure, 2024-25 dollars",2024-25,Ambulance service organisations' expenditure,All ages,All people,All people,All areas,2024-25 dollars,Ambulance service organisations,Expenditure,Other expenses,Payroll tax,,Derived from CAA (unpublished); ABS Australian National Accounts: National Income Expenditure and Product,$'000,SA,0
11A.11,"Ambulance service organisations' expenditure, 2024-25 dollars",2024-25,Ambulance service organisations' expenditure,All ages,All people,All people,All areas,2024-25 dollars,Ambulance service organisations,Expenditure,Other expenses,User cost of capital - Land,,Derived from CAA (unpublished); ABS Australian National Accounts: National Income Expenditure and Product,$'000,SA,3740
11A.11,"Ambulance service organisations' expenditure, 2024-25 dollars",2024-25,Ambulance service organisations' expenditure,All ages,All people,All people,All areas,2024-25 dollars,Ambulance service organisations,Expenditure,Other expenses,Interest on borrowings,,Derived from CAA (unpublished); ABS Australian National Accounts: National Income Expenditure and Product,$'000,SA,388
11A.11,"Ambulance service organisations' expenditure, 2024-25 dollars",2023-24,Ambulance service organisations' expenditure,All ages,All people,All people,All areas,2024-25 dollars,Ambulance service organisations,Expenditure,Labour costs,,,Derived from CAA (unpublished); ABS Australian National Accounts: National Income Expenditure and Product,$'000,SA,358378
11A.11,"Ambulance service organisations' expenditure, 2024-25 dollars",2023-24,Ambulance service organisations' expenditure,All ages,All people,All people,All areas,2024-25 dollars,Ambulance service organisations,Expenditure,Capital costs,Depreciation,,Derived from CAA (unpublished); ABS Australian National Accounts: National Income Expenditure and Product,$'000,SA,17842
11A.11,"Ambulance service organisations' expenditure, 2024-25 dollars",2023-24,Ambulance service organisations' expenditure,All ages,All people,All people,All areas,2024-25 dollars,Ambulance service organisations,Expenditure,Capital costs,User cost of capital - Other assets,,Derived from CAA (unpublished); ABS Australian National Accounts: National Income Expenditure and Product,$'000,SA,17054
11A.11,"Ambulance service organisations' expenditure, 2024-25 dollars",2023-24,Ambulance service organisations' expenditure,All ages,All people,All people,All areas,2024-25 dollars,Ambulance service organisations,Expenditure,Other costs,,,Derived from CAA (unpublished); ABS Australian National Accounts: National Income Expenditure and Product,$'000,SA,122884
11A.11,"Ambulance service organisations' expenditure, 2024-25 dollars",2023-24,Ambulance service organisations' expenditure,All ages,All people,All people,All areas,2024-25 dollars,Ambulance service organisations,Expenditure,Total,,,Derived from CAA (unpublished); ABS Australian National Accounts: National Income Expenditure and Product,$'000,SA,516157
11A.11,"Ambulance service organisations' expenditure, 2024-25 dollars",2023-24,Ambulance service organisations' expenditure,All ages,All people,All people,All areas,2024-25 dollars,Ambulance service organisations,Expenditure,Total,Per person in the population,,Derived from CAA (unpublished); ABS Australian National Accounts: National Income Expenditure and Product; ABS National state and territory population - December,$,SA,276.56
11A.11,"Ambulance service organisations' expenditure, 2024-25 dollars",2023-24,Ambulance service organisations' expenditure,All ages,All people,All people,All areas,2024-25 dollars,Ambulance service organisations,Expenditure,Other expenses,Payroll tax,,Derived from CAA (unpublished); ABS Australian National Accounts: National Income Expenditure and Product,$'000,SA,0
11A.11,"Ambulance service organisations' expenditure, 2024-25 dollars",2023-24,Ambulance service organisations' expenditure,All ages,All people,All people,All areas,2024-25 dollars,Ambulance service organisations,Expenditure,Other expenses,User cost of capital - Land,,Derived from CAA (unpublished); ABS Australian National Accounts: National Income Expenditure and Product,$'000,SA,3788
11A.11,"Ambulance service organisations' expenditure, 2024-25 dollars",2023-24,Ambulance service organisations' expenditure,All ages,All people,All people,All areas,2024-25 dollars,Ambulance service organisations,Expenditure,Other expenses,Interest on borrowings,,Derived from CAA (unpublished); ABS Australian National Accounts: National Income Expenditure and Product,$'000,SA,376
11A.11,"Ambulance service organisations' expenditure, 2024-25 dollars",2022-23,Ambulance service organisations' expenditure,All ages,All people,All people,All areas,2024-25 dollars,Ambulance service organisations,Expenditure,Labour costs,,,Derived from CAA (unpublished); ABS Australian National Accounts: National Income Expenditure and Product,$'000,SA,352403
11A.11,"Ambulance service organisations' expenditure, 2024-25 dollars",2022-23,Ambulance service organisations' expenditure,All ages,All people,All people,All areas,2024-25 dollars,Ambulance service organisations,Expenditure,Capital costs,Depreciation,,Derived from CAA (unpublished); ABS Australian National Accounts: National Income Expenditure and Product,$'000,SA,17211
11A.11,"Ambulance service organisations' expenditure, 2024-25 dollars",2022-23,Ambulance service organisations' expenditure,All ages,All people,All people,All areas,2024-25 dollars,Ambulance service organisations,Expenditure,Capital costs,User cost of capital - Other assets,,Derived from CAA (unpublished); ABS Australian National Accounts: National Income Expenditure and Product,$'000,SA,12348
11A.11,"Ambulance service organisations' expenditure, 2024-25 dollars",2022-23,Ambulance service organisations' expenditure,All ages,All people,All people,All areas,2024-25 dollars,Ambulance service organisations,Expenditure,Other costs,,,Derived from CAA (unpublished); ABS Australian National Accounts: National Income Expenditure and Product,$'000,SA,116771
11A.11,"Ambulance service organisations' expenditure, 2024-25 dollars",2022-23,Ambulance service organisations' expenditure,All ages,All people,All people,All areas,2024-25 dollars,Ambulance service organisations,Expenditure,Total,,,Derived from CAA (unpublished); ABS Australian National Accounts: National Income Expenditure and Product,$'000,SA,498732
11A.11,"Ambulance service organisations' expenditure, 2024-25 dollars",2022-23,Ambulance service organisations' expenditure,All ages,All people,All people,All areas,2024-25 dollars,Ambulance service organisations,Expenditure,Total,Per person in the population,,Derived from CAA (unpublished); ABS Australian National Accounts: National Income Expenditure and Product; ABS National state and territory population - December,$,SA,271.90
11A.11,"Ambulance service organisations' expenditure, 2024-25 dollars",2022-23,Ambulance service organisations' expenditure,All ages,All people,All people,All areas,2024-25 dollars,Ambulance service organisations,Expenditure,Other expenses,Payroll tax,,Derived from CAA (unpublished); ABS Australian National Accounts: National Income Expenditure and Product,$'000,SA,0
11A.11,"Ambulance service organisations' expenditure, 2024-25 dollars",2022-23,Ambulance service organisations' expenditure,All ages,All people,All people,All areas,2024-25 dollars,Ambulance service organisations,Expenditure,Other expenses,User cost of capital - Land,,Derived from CAA (unpublished); ABS Australian National Accounts: National Income Expenditure and Product,$'000,SA,2979
11A.11,"Ambulance service organisations' expenditure, 2024-25 dollars",2022-23,Ambulance service organisations' expenditure,All ages,All people,All people,All areas,2024-25 dollars,Ambulance service organisations,Expenditure,Other expenses,Interest on borrowings,,Derived from CAA (unpublished); ABS Australian National Accounts: National Income Expenditure and Product,$'000,SA,274
11A.11,"Ambulance service organisations' expenditure, 2024-25 dollars",2021-22,Ambulance service organisations' expenditure,All ages,All people,All people,All areas,2024-25 dollars,Ambulance service organisations,Expenditure,Labour costs,,,Derived from CAA (unpublished); ABS Australian National Accounts: National Income Expenditure and Product,$'000,SA,288981
11A.11,"Ambulance service organisations' expenditure, 2024-25 dollars",2021-22,Ambulance service organisations' expenditure,All ages,All people,All people,All areas,2024-25 dollars,Ambulance service organisations,Expenditure,Capital costs,Depreciation,,Derived from CAA (unpublished); ABS Australian National Accounts: National Income Expenditure and Product,$'000,SA,16606
11A.11,"Ambulance service organisations' expenditure, 2024-25 dollars",2021-22,Ambulance service organisations' expenditure,All ages,All people,All people,All areas,2024-25 dollars,Ambulance service organisations,Expenditure,Capital costs,User cost of capital - Other assets,,Derived from CAA (unpublished); ABS Australian National Accounts: National Income Expenditure and Product,$'000,SA,12278
11A.11,"Ambulance service organisations' expenditure, 2024-25 dollars",2021-22,Ambulance service organisations' expenditure,All ages,All people,All people,All areas,2024-25 dollars,Ambulance service organisations,Expenditure,Other costs,,,Derived from CAA (unpublished); ABS Australian National Accounts: National Income Expenditure and Product,$'000,SA,111125
11A.11,"Ambulance service organisations' expenditure, 2024-25 dollars",2021-22,Ambulance service organisations' expenditure,All ages,All people,All people,All areas,2024-25 dollars,Ambulance service organisations,Expenditure,Total,,,Derived from CAA (unpublished); ABS Australian National Accounts: National Income Expenditure and Product,$'000,SA,428990
11A.11,"Ambulance service organisations' expenditure, 2024-25 dollars",2021-22,Ambulance service organisations' expenditure,All ages,All people,All people,All areas,2024-25 dollars,Ambulance service organisations,Expenditure,Total,Per person in the population,,Derived from CAA (unpublished); ABS Australian National Accounts: National Income Expenditure and Product; ABS National state and territory population - December,$,SA,237.46
11A.11,"Ambulance service organisations' expenditure, 2024-25 dollars",2021-22,Ambulance service organisations' expenditure,All ages,All people,All people,All areas,2024-25 dollars,Ambulance service organisations,Expenditure,Other expenses,Payroll tax,,Derived from CAA (unpublished); ABS Australian National Accounts: National Income Expenditure and Product,$'000,SA,0
11A.11,"Ambulance service organisations' expenditure, 2024-25 dollars",2021-22,Ambulance service organisations' expenditure,All ages,All people,All people,All areas,2024-25 dollars,Ambulance service organisations,Expenditure,Other expenses,User cost of capital - Land,,Derived from CAA (unpublished); ABS Australian National Accounts: National Income Expenditure and Product,$'000,SA,1589
11A.11,"Ambulance service organisations' expenditure, 2024-25 dollars",2021-22,Ambulance service organisations' expenditure,All ages,All people,All people,All areas,2024-25 dollars,Ambulance service organisations,Expenditure,Other expenses,Interest on borrowings,,Derived from CAA (unpublished); ABS Australian National Accounts: National Income Expenditure and Product,$'000,SA,427
11A.11,"Ambulance service organisations' expenditure, 2024-25 dollars",2020-21,Ambulance service organisations' expenditure,All ages,All people,All people,All areas,2024-25 dollars,Ambulance service organisations,Expenditure,Labour costs,,,Derived from CAA (unpublished); ABS Australian National Accounts: National Income Expenditure and Product,$'000,SA,300615
11A.11,"Ambulance service organisations' expenditure, 2024-25 dollars",2020-21,Ambulance service organisations' expenditure,All ages,All people,All people,All areas,2024-25 dollars,Ambulance service organisations,Expenditure,Capital costs,Depreciation,,Derived from CAA (unpublished); ABS Australian National Accounts: National Income Expenditure and Product,$'000,SA,15763
11A.11,"Ambulance service organisations' expenditure, 2024-25 dollars",2020-21,Ambulance service organisations' expenditure,All ages,All people,All people,All areas,2024-25 dollars,Ambulance service organisations,Expenditure,Capital costs,User cost of capital - Other assets,,Derived from CAA (unpublished); ABS Australian National Accounts: National Income Expenditure and Product,$'000,SA,12236
11A.11,"Ambulance service organisations' expenditure, 2024-25 dollars",2020-21,Ambulance service organisations' expenditure,All ages,All people,All people,All areas,2024-25 dollars,Ambulance service organisations,Expenditure,Other costs,,,Derived from CAA (unpublished); ABS Australian National Accounts: National Income Expenditure and Product,$'000,SA,103525
11A.11,"Ambulance service organisations' expenditure, 2024-25 dollars",2020-21,Ambulance service organisations' expenditure,All ages,All people,All people,All areas,2024-25 dollars,Ambulance service organisations,Expenditure,Total,,,Derived from CAA (unpublished); ABS Australian National Accounts: National Income Expenditure and Product,$'000,SA,432139
11A.11,"Ambulance service organisations' expenditure, 2024-25 dollars",2020-21,Ambulance service organisations' expenditure,All ages,All people,All people,All areas,2024-25 dollars,Ambulance service organisations,Expenditure,Total,Per person in the population,,Derived from CAA (unpublished); ABS Australian National Accounts: National Income Expenditure and Product; ABS National state and territory population - December,$,SA,240.81
11A.11,"Ambulance service organisations' expenditure, 2024-25 dollars",2020-21,Ambulance service organisations' expenditure,All ages,All people,All people,All areas,2024-25 dollars,Ambulance service organisations,Expenditure,Other expenses,Payroll tax,,Derived from CAA (unpublished); ABS Australian National Accounts: National Income Expenditure and Product,$'000,SA,0
11A.11,"Ambulance service organisations' expenditure, 2024-25 dollars",2020-21,Ambulance service organisations' expenditure,All ages,All people,All people,All areas,2024-25 dollars,Ambulance service organisations,Expenditure,Other expenses,User cost of capital - Land,,Derived from CAA (unpublished); ABS Australian National Accounts: National Income Expenditure and Product,$'000,SA,1612
11A.11,"Ambulance service organisations' expenditure, 2024-25 dollars",2020-21,Ambulance service organisations' expenditure,All ages,All people,All people,All areas,2024-25 dollars,Ambulance service organisations,Expenditure,Other expenses,Interest on borrowings,,Derived from CAA (unpublished); ABS Australian National Accounts: National Income Expenditure and Product,$'000,SA,454
11A.11,"Ambulance service organisations' expenditure, 2024-25 dollars",2019-20,Ambulance service organisations' expenditure,All ages,All people,All people,All areas,2024-25 dollars,Ambulance service organisations,Expenditure,Labour costs,,,Derived from CAA (unpublished); ABS Australian National Accounts: National Income Expenditure and Product,$'000,SA,281357
11A.11,"Ambulance service organisations' expenditure, 2024-25 dollars",2019-20,Ambulance service organisations' expenditure,All ages,All people,All people,All areas,2024-25 dollars,Ambulance service organisations,Expenditure,Capital costs,Depreciation,,Derived from CAA (unpublished); ABS Australian National Accounts: National Income Expenditure and Product,$'000,SA,16280
11A.11,"Ambulance service organisations' expenditure, 2024-25 dollars",2019-20,Ambulance service organisations' expenditure,All ages,All people,All people,All areas,2024-25 dollars,Ambulance service organisations,Expenditure,Capital costs,User cost of capital - Other assets,,Derived from CAA (unpublished); ABS Australian National Accounts: National Income Expenditure and Product,$'000,SA,11748
11A.11,"Ambulance service organisations' expenditure, 2024-25 dollars",2019-20,Ambulance service organisations' expenditure,All ages,All people,All people,All areas,2024-25 dollars,Ambulance service organisations,Expenditure,Other costs,,,Derived from CAA (unpublished); ABS Australian National Accounts: National Income Expenditure and Product,$'000,SA,94436
11A.11,"Ambulance service organisations' expenditure, 2024-25 dollars",2019-20,Ambulance service organisations' expenditure,All ages,All people,All people,All areas,2024-25 dollars,Ambulance service organisations,Expenditure,Total,,,Derived from CAA (unpublished); ABS Australian National Accounts: National Income Expenditure and Product,$'000,SA,403822
11A.11,"Ambulance service organisations' expenditure, 2024-25 dollars",2019-20,Ambulance service organisations' expenditure,All ages,All people,All people,All areas,2024-25 dollars,Ambulance service organisations,Expenditure,Total,Per person in the population,,Derived from CAA (unpublished); ABS Australian National Accounts: National Income Expenditure and Product; ABS National state and territory population - December,$,SA,227.00
11A.11,"Ambulance service organisations' expenditure, 2024-25 dollars",2019-20,Ambulance service organisations' expenditure,All ages,All people,All people,All areas,2024-25 dollars,Ambulance service organisations,Expenditure,Other expenses,Payroll tax,,Derived from CAA (unpublished); ABS Australian National Accounts: National Income Expenditure and Product,$'000,SA,0
11A.11,"Ambulance service organisations' expenditure, 2024-25 dollars",2019-20,Ambulance service organisations' expenditure,All ages,All people,All people,All areas,2024-25 dollars,Ambulance service organisations,Expenditure,Other expenses,User cost of capital - Land,,Derived from CAA (unpublished); ABS Australian National Accounts: National Income Expenditure and Product,$'000,SA,1606
11A.11,"Ambulance service organisations' expenditure, 2024-25 dollars",2019-20,Ambulance service organisations' expenditure,All ages,All people,All people,All areas,2024-25 dollars,Ambulance service organisations,Expenditure,Other expenses,Interest on borrowings,,Derived from CAA (unpublished); ABS Australian National Accounts: National Income Expenditure and Product,$'000,SA,404
11A.11,"Ambulance service organisations' expenditure, 2024-25 dollars",2018-19,Ambulance service organisations' expenditure,All ages,All people,All people,All areas,2024-25 dollars,Ambulance service organisations,Expenditure,Labour costs,,,Derived from CAA (unpublished); ABS Australian National Accounts: National Income Expenditure and Product,$'000,SA,286395
11A.11,"Ambulance service organisations' expenditure, 2024-25 dollars",2018-19,Ambulance service organisations' expenditure,All ages,All people,All people,All areas,2024-25 dollars,Ambulance service organisations,Expenditure,Capital costs,Depreciation,,Derived from CAA (unpublished); ABS Australian National Accounts: National Income Expenditure and Product,$'000,SA,15089
11A.11,"Ambulance service organisations' expenditure, 2024-25 dollars",2018-19,Ambulance service organisations' expenditure,All ages,All people,All people,All areas,2024-25 dollars,Ambulance service organisations,Expenditure,Capital costs,User cost of capital - Other assets,,Derived from CAA (unpublished); ABS Australian National Accounts: National Income Expenditure and Product,$'000,SA,10657
11A.11,"Ambulance service organisations' expenditure, 2024-25 dollars",2018-19,Ambulance service organisations' expenditure,All ages,All people,All people,All areas,2024-25 dollars,Ambulance service organisations,Expenditure,Other costs,,,Derived from CAA (unpublished); ABS Australian National Accounts: National Income Expenditure and Product,$'000,SA,104034
11A.11,"Ambulance service organisations' expenditure, 2024-25 dollars",2018-19,Ambulance service organisations' expenditure,All ages,All people,All people,All areas,2024-25 dollars,Ambulance service organisations,Expenditure,Total,,,Derived from CAA (unpublished); ABS Australian National Accounts: National Income Expenditure and Product,$'000,SA,416174
11A.11,"Ambulance service organisations' expenditure, 2024-25 dollars",2018-19,Ambulance service organisations' expenditure,All ages,All people,All people,All areas,2024-25 dollars,Ambulance service organisations,Expenditure,Total,Per person in the population,,Derived from CAA (unpublished); ABS Australian National Accounts: National Income Expenditure and Product; ABS National state and territory population - December,$,SA,237.04
11A.11,"Ambulance service organisations' expenditure, 2024-25 dollars",2018-19,Ambulance service organisations' expenditure,All ages,All people,All people,All areas,2024-25 dollars,Ambulance service organisations,Expenditure,Other expenses,Payroll tax,,Derived from CAA (unpublished); ABS Australian National Accounts: National Income Expenditure and Product,$'000,SA,0
11A.11,"Ambulance service organisations' expenditure, 2024-25 dollars",2018-19,Ambulance service organisations' expenditure,All ages,All people,All people,All areas,2024-25 dollars,Ambulance service organisations,Expenditure,Other expenses,User cost of capital - Land,,Derived from CAA (unpublished); ABS Australian National Accounts: National Income Expenditure and Product,$'000,SA,1635
11A.11,"Ambulance service organisations' expenditure, 2024-25 dollars",2018-19,Ambulance service organisations' expenditure,All ages,All people,All people,All areas,2024-25 dollars,Ambulance service organisations,Expenditure,Other expenses,Interest on borrowings,,Derived from CAA (unpublished); ABS Australian National Accounts: National Income Expenditure and Product,$'000,SA,130
11A.11,"Ambulance service organisations' expenditure, 2024-25 dollars",2017-18,Ambulance service organisations' expenditure,All ages,All people,All people,All areas,2024-25 dollars,Ambulance service organisations,Expenditure,Labour costs,,,Derived from CAA (unpublished); ABS Australian National Accounts: National Income Expenditure and Product,$'000,SA,278189
11A.11,"Ambulance service organisations' expenditure, 2024-25 dollars",2017-18,Ambulance service organisations' expenditure,All ages,All people,All people,All areas,2024-25 dollars,Ambulance service organisations,Expenditure,Capital costs,Depreciation,,Derived from CAA (unpublished); ABS Australian National Accounts: National Income Expenditure and Product,$'000,SA,15952
11A.11,"Ambulance service organisations' expenditure, 2024-25 dollars",2017-18,Ambulance service organisations' expenditure,All ages,All people,All people,All areas,2024-25 dollars,Ambulance service organisations,Expenditure,Capital costs,User cost of capital - Other assets,,Derived from CAA (unpublished); ABS Australian National Accounts: National Income Expenditure and Product,$'000,SA,11637
11A.11,"Ambulance service organisations' expenditure, 2024-25 dollars",2017-18,Ambulance service organisations' expenditure,All ages,All people,All people,All areas,2024-25 dollars,Ambulance service organisations,Expenditure,Other costs,,,Derived from CAA (unpublished); ABS Australian National Accounts: National Income Expenditure and Product,$'000,SA,94658
11A.11,"Ambulance service organisations' expenditure, 2024-25 dollars",2017-18,Ambulance service organisations' expenditure,All ages,All people,All people,All areas,2024-25 dollars,Ambulance service organisations,Expenditure,Total,,,Derived from CAA (unpublished); ABS Australian National Accounts: National Income Expenditure and Product,$'000,SA,400436
11A.11,"Ambulance service organisations' expenditure, 2024-25 dollars",2017-18,Ambulance service organisations' expenditure,All ages,All people,All people,All areas,2024-25 dollars,Ambulance service organisations,Expenditure,Total,Per person in the population,,Derived from CAA (unpublished); ABS Australian National Accounts: National Income Expenditure and Product; ABS National state and territory population - December,$,SA,230.71
11A.11,"Ambulance service organisations' expenditure, 2024-25 dollars",2017-18,Ambulance service organisations' expenditure,All ages,All people,All people,All areas,2024-25 dollars,Ambulance service organisations,Expenditure,Other expenses,Payroll tax,,Derived from CAA (unpublished); ABS Australian National Accounts: National Income Expenditure and Product,$'000,SA,0
11A.11,"Ambulance service organisations' expenditure, 2024-25 dollars",2017-18,Ambulance service organisations' expenditure,All ages,All people,All people,All areas,2024-25 dollars,Ambulance service organisations,Expenditure,Other expenses,User cost of capital - Land,,Derived from CAA (unpublished); ABS Australian National Accounts: National Income Expenditure and Product,$'000,SA,1649
11A.11,"Ambulance service organisations' expenditure, 2024-25 dollars",2017-18,Ambulance service organisations' expenditure,All ages,All people,All people,All areas,2024-25 dollars,Ambulance service organisations,Expenditure,Other expenses,Interest on borrowings,,Derived from CAA (unpublished); ABS Australian National Accounts: National Income Expenditure and Product,$'000,SA,123
11A.11,"Ambulance service organisations' expenditure, 2024-25 dollars",2016-17,Ambulance service organisations' expenditure,All ages,All people,All people,All areas,2024-25 dollars,Ambulance service organisations,Expenditure,Labour costs,,,Derived from CAA (unpublished); ABS Australian National Accounts: National Income Expenditure and Product,$'000,SA,262786
11A.11,"Ambulance service organisations' expenditure, 2024-25 dollars",2016-17,Ambulance service organisations' expenditure,All ages,All people,All people,All areas,2024-25 dollars,Ambulance service organisations,Expenditure,Capital costs,Depreciation,,Derived from CAA (unpublished); ABS Australian National Accounts: National Income Expenditure and Product,$'000,SA,13355
11A.11,"Ambulance service organisations' expenditure, 2024-25 dollars",2016-17,Ambulance service organisations' expenditure,All ages,All people,All people,All areas,2024-25 dollars,Ambulance service organisations,Expenditure,Capital costs,User cost of capital - Other assets,,Derived from CAA (unpublished); ABS Australian National Accounts: National Income Expenditure and Product,$'000,SA,7546
11A.11,"Ambulance service organisations' expenditure, 2024-25 dollars",2016-17,Ambulance service organisations' expenditure,All ages,All people,All people,All areas,2024-25 dollars,Ambulance service organisations,Expenditure,Other costs,,,Derived from CAA (unpublished); ABS Australian National Accounts: National Income Expenditure and Product,$'000,SA,94561
11A.11,"Ambulance service organisations' expenditure, 2024-25 dollars",2016-17,Ambulance service organisations' expenditure,All ages,All people,All people,All areas,2024-25 dollars,Ambulance service organisations,Expenditure,Total,,,Derived from CAA (unpublished); ABS Australian National Accounts: National Income Expenditure and Product,$'000,SA,378248
11A.11,"Ambulance service organisations' expenditure, 2024-25 dollars",2016-17,Ambulance service organisations' expenditure,All ages,All people,All people,All areas,2024-25 dollars,Ambulance service organisations,Expenditure,Total,Per person in the population,,Derived from CAA (unpublished); ABS Australian National Accounts: National Income Expenditure and Product; ABS National state and territory population - December,$,SA,219.97
11A.11,"Ambulance service organisations' expenditure, 2024-25 dollars",2016-17,Ambulance service organisations' expenditure,All ages,All people,All people,All areas,2024-25 dollars,Ambulance service organisations,Expenditure,Other expenses,Payroll tax,,Derived from CAA (unpublished); ABS Australian National Accounts: National Income Expenditure and Product,$'000,SA,0
11A.11,"Ambulance service organisations' expenditure, 2024-25 dollars",2016-17,Ambulance service organisations' expenditure,All ages,All people,All people,All areas,2024-25 dollars,Ambulance service organisations,Expenditure,Other expenses,User cost of capital - Land,,Derived from CAA (unpublished); ABS Australian National Accounts: National Income Expenditure and Product,$'000,SA,1933
11A.11,"Ambulance service organisations' expenditure, 2024-25 dollars",2016-17,Ambulance service organisations' expenditure,All ages,All people,All people,All areas,2024-25 dollars,Ambulance service organisations,Expenditure,Other expenses,Interest on borrowings,,Derived from CAA (unpublished); ABS Australian National Accounts: National Income Expenditure and Product,$'000,SA,76
11A.11,"Ambulance service organisations' expenditure, 2024-25 dollars",2015-16,Ambulance service organisations' expenditure,All ages,All people,All people,All areas,2024-25 dollars,Ambulance service organisations,Expenditure,Labour costs,,,Derived from CAA (unpublished); ABS Australian National Accounts: National Income Expenditure and Product,$'000,SA,237669
11A.11,"Ambulance service organisations' expenditure, 2024-25 dollars",2015-16,Ambulance service organisations' expenditure,All ages,All people,All people,All areas,2024-25 dollars,Ambulance service organisations,Expenditure,Capital costs,Depreciation,,Derived from CAA (unpublished); ABS Australian National Accounts: National Income Expenditure and Product,$'000,SA,13278
11A.11,"Ambulance service organisations' expenditure, 2024-25 dollars",2015-16,Ambulance service organisations' expenditure,All ages,All people,All people,All areas,2024-25 dollars,Ambulance service organisations,Expenditure,Capital costs,User cost of capital - Other assets,,Derived from CAA (unpublished); ABS Australian National Accounts: National Income Expenditure and Product,$'000,SA,6595
11A.11,"Ambulance service organisations' expenditure, 2024-25 dollars",2015-16,Ambulance service organisations' expenditure,All ages,All people,All people,All areas,2024-25 dollars,Ambulance service organisations,Expenditure,Other costs,,,Derived from CAA (unpublished); ABS Australian National Accounts: National Income Expenditure and Product,$'000,SA,85389
11A.11,"Ambulance service organisations' expenditure, 2024-25 dollars",2015-16,Ambulance service organisations' expenditure,All ages,All people,All people,All areas,2024-25 dollars,Ambulance service organisations,Expenditure,Total,,,Derived from CAA (unpublished); ABS Australian National Accounts: National Income Expenditure and Product,$'000,SA,342932
11A.11,"Ambulance service organisations' expenditure, 2024-25 dollars",2015-16,Ambulance service organisations' expenditure,All ages,All people,All people,All areas,2024-25 dollars,Ambulance service organisations,Expenditure,Total,Per person in the population,,Derived from CAA (unpublished); ABS Australian National Accounts: National Income Expenditure and Product; ABS National state and territory population - December,$,SA,201.02
11A.11,"Ambulance service organisations' expenditure, 2024-25 dollars",2015-16,Ambulance service organisations' expenditure,All ages,All people,All people,All areas,2024-25 dollars,Ambulance service organisations,Expenditure,Other expenses,Payroll tax,,Derived from CAA (unpublished); ABS Australian National Accounts: National Income Expenditure and Product,$'000,SA,0
11A.11,"Ambulance service organisations' expenditure, 2024-25 dollars",2015-16,Ambulance service organisations' expenditure,All ages,All people,All people,All areas,2024-25 dollars,Ambulance service organisations,Expenditure,Other expenses,User cost of capital - Land,,Derived from CAA (unpublished); ABS Australian National Accounts: National Income Expenditure and Product,$'000,SA,1764
11A.11,"Ambulance service organisations' expenditure, 2024-25 dollars",2015-16,Ambulance service organisations' expenditure,All ages,All people,All people,All areas,2024-25 dollars,Ambulance service organisations,Expenditure,Other expenses,Interest on borrowings,,Derived from CAA (unpublished); ABS Australian National Accounts: National Income Expenditure and Product,$'000,SA,61
11A.12,Adult cardiac arrest survival rate,2024-25,Cardiac arrest survival rate,Adults,All people,All people,All areas,,Cardiac arrests,Paramedic witnessed,Adult cardiac arrest survival rate,,,Derived from CAA (unpublished),%,SA,34.1
11A.12,Adult cardiac arrest survival rate,2024-25,Cardiac arrest survival rate,Adults,All people,All people,All areas,,Cardiac arrests,Paramedic witnessed,Total adult cardiac arrests,,,CAA (unpublished),no.,SA,91
11A.12,Adult cardiac arrest survival rate,2024-25,Cardiac arrest survival rate,Adults,All people,All people,All areas,,Cardiac arrests,Non-paramedic witnessed,Adult cardiac arrest survival rate where resuscitation attempted,,,Derived from CAA (unpublished),%,SA,18.5
11A.12,Adult cardiac arrest survival rate,2024-25,Cardiac arrest survival rate,Adults,All people,All people,All areas,,Cardiac arrests,Non-paramedic witnessed,Total adult cardiac arrests where resuscitation attempted,,,CAA (unpublished),no.,SA,605
11A.12,Adult cardiac arrest survival rate,2024-25,Cardiac arrest survival rate,Adults,All people,All people,All areas,,Cardiac arrests,Non-paramedic witnessed,Adult VF/VT cardiac arrest survival rate,,,Derived from CAA (unpublished),%,SA,61.0
11A.12,Adult cardiac arrest survival rate,2024-25,Cardiac arrest survival rate,Adults,All people,All people,All areas,,Cardiac arrests,Non-paramedic witnessed,Total adult VF/VT cardiac arrests,,,CAA (unpublished),no.,SA,141
11A.12,Adult cardiac arrest survival rate,2023-24,Cardiac arrest survival rate,Adults,All people,All people,All areas,,Cardiac arrests,Paramedic witnessed,Adult cardiac arrest survival rate,,,Derived from CAA (unpublished),%,SA,29.5
11A.12,Adult cardiac arrest survival rate,2023-24,Cardiac arrest survival rate,Adults,All people,All people,All areas,,Cardiac arrests,Paramedic witnessed,Total adult cardiac arrests,,,CAA (unpublished),no.,SA,78
11A.12,Adult cardiac arrest survival rate,2023-24,Cardiac arrest survival rate,Adults,All people,All people,All areas,,Cardiac arrests,Non-paramedic witnessed,Adult cardiac arrest survival rate where resuscitation attempted,,,Derived from CAA (unpublished),%,SA,27.3
11A.12,Adult cardiac arrest survival rate,2023-24,Cardiac arrest survival rate,Adults,All people,All people,All areas,,Cardiac arrests,Non-paramedic witnessed,Total adult cardiac arrests where resuscitation attempted,,,CAA (unpublished),no.,SA,400
11A.12,Adult cardiac arrest survival rate,2023-24,Cardiac arrest survival rate,Adults,All people,All people,All areas,,Cardiac arrests,Non-paramedic witnessed,Adult VF/VT cardiac arrest survival rate,,,Derived from CAA (unpublished),%,SA,69.5
11A.12,Adult cardiac arrest survival rate,2023-24,Cardiac arrest survival rate,Adults,All people,All people,All areas,,Cardiac arrests,Non-paramedic witnessed,Total adult VF/VT cardiac arrests,,,CAA (unpublished),no.,SA,118
11A.12,Adult cardiac arrest survival rate,2022-23,Cardiac arrest survival rate,Adults,All people,All people,All areas,,Cardiac arrests,Paramedic witnessed,Adult cardiac arrest survival rate,,,Derived from CAA (unpublished),%,SA,36.0
11A.12,Adult cardiac arrest survival rate,2022-23,Cardiac arrest survival rate,Adults,All people,All people,All areas,,Cardiac arrests,Paramedic witnessed,Total adult cardiac arrests,,,CAA (unpublished),no.,SA,75
11A.12,Adult cardiac arrest survival rate,2022-23,Cardiac arrest survival rate,Adults,All people,All people,All areas,,Cardiac arrests,Non-paramedic witnessed,Adult cardiac arrest survival rate where resuscitation attempted,,,Derived from CAA (unpublished),%,SA,23.8
11A.12,Adult cardiac arrest survival rate,2022-23,Cardiac arrest survival rate,Adults,All people,All people,All areas,,Cardiac arrests,Non-paramedic witnessed,Total adult cardiac arrests where resuscitation attempted,,,CAA (unpublished),no.,SA,467
11A.12,Adult cardiac arrest survival rate,2022-23,Cardiac arrest survival rate,Adults,All people,All people,All areas,,Cardiac arrests,Non-paramedic witnessed,Adult VF/VT cardiac arrest survival rate,,,Derived from CAA (unpublished),%,SA,66.2
11A.12,Adult cardiac arrest survival rate,2022-23,Cardiac arrest survival rate,Adults,All people,All people,All areas,,Cardiac arrests,Non-paramedic witnessed,Total adult VF/VT cardiac arrests,,,CAA (unpublished),no.,SA,148
11A.12,Adult cardiac arrest survival rate,2021-22,Cardiac arrest survival rate,Adults,All people,All people,All areas,,Cardiac arrests,Paramedic witnessed,Adult cardiac arrest survival rate,,,Derived from CAA (unpublished),%,SA,29.0
11A.12,Adult cardiac arrest survival rate,2021-22,Cardiac arrest survival rate,Adults,All people,All people,All areas,,Cardiac arrests,Paramedic witnessed,Total adult cardiac arrests,,,CAA (unpublished),no.,SA,100
11A.12,Adult cardiac arrest survival rate,2021-22,Cardiac arrest survival rate,Adults,All people,All people,All areas,,Cardiac arrests,Non-paramedic witnessed,Adult cardiac arrest survival rate where resuscitation attempted,,,Derived from CAA (unpublished),%,SA,20.4
11A.12,Adult cardiac arrest survival rate,2021-22,Cardiac arrest survival rate,Adults,All people,All people,All areas,,Cardiac arrests,Non-paramedic witnessed,Total adult cardiac arrests where resuscitation attempted,,,CAA (unpublished),no.,SA,553
11A.12,Adult cardiac arrest survival rate,2021-22,Cardiac arrest survival rate,Adults,All people,All people,All areas,,Cardiac arrests,Non-paramedic witnessed,Adult VF/VT cardiac arrest survival rate,,,Derived from CAA (unpublished),%,SA,58.4
11A.12,Adult cardiac arrest survival rate,2021-22,Cardiac arrest survival rate,Adults,All people,All people,All areas,,Cardiac arrests,Non-paramedic witnessed,Total adult VF/VT cardiac arrests,,,CAA (unpublished),no.,SA,149
11A.12,Adult cardiac arrest survival rate,2020-21,Cardiac arrest survival rate,Adults,All people,All people,All areas,,Cardiac arrests,Paramedic witnessed,Adult cardiac arrest survival rate,,,Derived from CAA (unpublished),%,SA,43.2
11A.12,Adult cardiac arrest survival rate,2020-21,Cardiac arrest survival rate,Adults,All people,All people,All areas,,Cardiac arrests,Paramedic witnessed,Total adult cardiac arrests,,,CAA (unpublished),no.,SA,95
11A.12,Adult cardiac arrest survival rate,2020-21,Cardiac arrest survival rate,Adults,All people,All people,All areas,,Cardiac arrests,Non-paramedic witnessed,Adult cardiac arrest survival rate where resuscitation attempted,,,Derived from CAA (unpublished),%,SA,19.5
11A.12,Adult cardiac arrest survival rate,2020-21,Cardiac arrest survival rate,Adults,All people,All people,All areas,,Cardiac arrests,Non-paramedic witnessed,Total adult cardiac arrests where resuscitation attempted,,,CAA (unpublished),no.,SA,630
11A.12,Adult cardiac arrest survival rate,2020-21,Cardiac arrest survival rate,Adults,All people,All people,All areas,,Cardiac arrests,Non-paramedic witnessed,Adult VF/VT cardiac arrest survival rate,,,Derived from CAA (unpublished),%,SA,53.8
11A.12,Adult cardiac arrest survival rate,2020-21,Cardiac arrest survival rate,Adults,All people,All people,All areas,,Cardiac arrests,Non-paramedic witnessed,Total adult VF/VT cardiac arrests,,,CAA (unpublished),no.,SA,173
11A.12,Adult cardiac arrest survival rate,2019-20,Cardiac arrest survival rate,Adults,All people,All people,All areas,,Cardiac arrests,Paramedic witnessed,Adult cardiac arrest survival rate,,,Derived from CAA (unpublished),%,SA,33.3
11A.12,Adult cardiac arrest survival rate,2019-20,Cardiac arrest survival rate,Adults,All people,All people,All areas,,Cardiac arrests,Paramedic witnessed,Total adult cardiac arrests,,,CAA (unpublished),no.,SA,108
11A.12,Adult cardiac arrest survival rate,2019-20,Cardiac arrest survival rate,Adults,All people,All people,All areas,,Cardiac arrests,Non-paramedic witnessed,Adult cardiac arrest survival rate where resuscitation attempted,,,Derived from CAA (unpublished),%,SA,17.5
11A.12,Adult cardiac arrest survival rate,2019-20,Cardiac arrest survival rate,Adults,All people,All people,All areas,,Cardiac arrests,Non-paramedic witnessed,Total adult cardiac arrests where resuscitation attempted,,,CAA (unpublished),no.,SA,697
11A.12,Adult cardiac arrest survival rate,2019-20,Cardiac arrest survival rate,Adults,All people,All people,All areas,,Cardiac arrests,Non-paramedic witnessed,Adult VF/VT cardiac arrest survival rate,,,Derived from CAA (unpublished),%,SA,60.4
11A.12,Adult cardiac arrest survival rate,2019-20,Cardiac arrest survival rate,Adults,All people,All people,All areas,,Cardiac arrests,Non-paramedic witnessed,Total adult VF/VT cardiac arrests,,,CAA (unpublished),no.,SA,197
11A.12,Adult cardiac arrest survival rate,2018-19,Cardiac arrest survival rate,Adults,All people,All people,All areas,,Cardiac arrests,Paramedic witnessed,Adult cardiac arrest survival rate,,,Derived from CAA (unpublished),%,SA,41.9
11A.12,Adult cardiac arrest survival rate,2018-19,Cardiac arrest survival rate,Adults,All people,All people,All areas,,Cardiac arrests,Paramedic witnessed,Total adult cardiac arrests,,,CAA (unpublished),no.,SA,129
11A.12,Adult cardiac arrest survival rate,2018-19,Cardiac arrest survival rate,Adults,All people,All people,All areas,,Cardiac arrests,Non-paramedic witnessed,Adult cardiac arrest survival rate where resuscitation attempted,,,Derived from CAA (unpublished),%,SA,21.6
11A.12,Adult cardiac arrest survival rate,2018-19,Cardiac arrest survival rate,Adults,All people,All people,All areas,,Cardiac arrests,Non-paramedic witnessed,Total adult cardiac arrests where resuscitation attempted,,,CAA (unpublished),no.,SA,784
11A.12,Adult cardiac arrest survival rate,2018-19,Cardiac arrest survival rate,Adults,All people,All people,All areas,,Cardiac arrests,Non-paramedic witnessed,Adult VF/VT cardiac arrest survival rate,,,Derived from CAA (unpublished),%,SA,63.7
11A.12,Adult cardiac arrest survival rate,2018-19,Cardiac arrest survival rate,Adults,All people,All people,All areas,,Cardiac arrests,Non-paramedic witnessed,Total adult VF/VT cardiac arrests,,,CAA (unpublished),no.,SA,226
11A.12,Adult cardiac arrest survival rate,2017-18,Cardiac arrest survival rate,Adults,All people,All people,All areas,,Cardiac arrests,Paramedic witnessed,Adult cardiac arrest survival rate,,,Derived from CAA (unpublished),%,SA,40.3
11A.12,Adult cardiac arrest survival rate,2017-18,Cardiac arrest survival rate,Adults,All people,All people,All areas,,Cardiac arrests,Paramedic witnessed,Total adult cardiac arrests,,,CAA (unpublished),no.,SA,119
11A.12,Adult cardiac arrest survival rate,2017-18,Cardiac arrest survival rate,Adults,All people,All people,All areas,,Cardiac arrests,Non-paramedic witnessed,Adult cardiac arrest survival rate where resuscitation attempted,,,Derived from CAA (unpublished),%,SA,21.8
11A.12,Adult cardiac arrest survival rate,2017-18,Cardiac arrest survival rate,Adults,All people,All people,All areas,,Cardiac arrests,Non-paramedic witnessed,Total adult cardiac arrests where resuscitation attempted,,,CAA (unpublished),no.,SA,794
11A.12,Adult cardiac arrest survival rate,2017-18,Cardiac arrest survival rate,Adults,All people,All people,All areas,,Cardiac arrests,Non-paramedic witnessed,Adult VF/VT cardiac arrest survival rate,,,Derived from CAA (unpublished),%,SA,43.6
11A.12,Adult cardiac arrest survival rate,2017-18,Cardiac arrest survival rate,Adults,All people,All people,All areas,,Cardiac arrests,Non-paramedic witnessed,Total adult VF/VT cardiac arrests,,,CAA (unpublished),no.,SA,204
11A.12,Adult cardiac arrest survival rate,2016-17,Cardiac arrest survival rate,Adults,All people,All people,All areas,,Cardiac arrests,Paramedic witnessed,Adult cardiac arrest survival rate,,,Derived from CAA (unpublished),%,SA,39.4
11A.12,Adult cardiac arrest survival rate,2016-17,Cardiac arrest survival rate,Adults,All people,All people,All areas,,Cardiac arrests,Paramedic witnessed,Total adult cardiac arrests,,,CAA (unpublished),no.,SA,104
11A.12,Adult cardiac arrest survival rate,2016-17,Cardiac arrest survival rate,Adults,All people,All people,All areas,,Cardiac arrests,Non-paramedic witnessed,Adult cardiac arrest survival rate where resuscitation attempted,,,Derived from CAA (unpublished),%,SA,26.0
11A.12,Adult cardiac arrest survival rate,2016-17,Cardiac arrest survival rate,Adults,All people,All people,All areas,,Cardiac arrests,Non-paramedic witnessed,Total adult cardiac arrests where resuscitation attempted,,,CAA (unpublished),no.,SA,603
11A.12,Adult cardiac arrest survival rate,2016-17,Cardiac arrest survival rate,Adults,All people,All people,All areas,,Cardiac arrests,Non-paramedic witnessed,Adult VF/VT cardiac arrest survival rate,,,Derived from CAA (unpublished),%,SA,50.3
11A.12,Adult cardiac arrest survival rate,2016-17,Cardiac arrest survival rate,Adults,All people,All people,All areas,,Cardiac arrests,Non-paramedic witnessed,Total adult VF/VT cardiac arrests,,,CAA (unpublished),no.,SA,161
11A.12,Adult cardiac arrest survival rate,2015-16,Cardiac arrest survival rate,Adults,All people,All people,All areas,,Cardiac arrests,Paramedic witnessed,Adult cardiac arrest survival rate,,,Derived from CAA (unpublished),%,SA,45.2
11A.12,Adult cardiac arrest survival rate,2015-16,Cardiac arrest survival rate,Adults,All people,All people,All areas,,Cardiac arrests,Paramedic witnessed,Total adult cardiac arrests,,,CAA (unpublished),no.,SA,84
11A.12,Adult cardiac arrest survival rate,2015-16,Cardiac arrest survival rate,Adults,All people,All people,All areas,,Cardiac arrests,Non-paramedic witnessed,Adult cardiac arrest survival rate where resuscitation attempted,,,Derived from CAA (unpublished),%,SA,24.0
11A.12,Adult cardiac arrest survival rate,2015-16,Cardiac arrest survival rate,Adults,All people,All people,All areas,,Cardiac arrests,Non-paramedic witnessed,Total adult cardiac arrests where resuscitation attempted,,,CAA (unpublished),no.,SA,538
11A.12,Adult cardiac arrest survival rate,2015-16,Cardiac arrest survival rate,Adults,All people,All people,All areas,,Cardiac arrests,Non-paramedic witnessed,Adult VF/VT cardiac arrest survival rate,,,Derived from CAA (unpublished),%,SA,47.6
11A.12,Adult cardiac arrest survival rate,2015-16,Cardiac arrest survival rate,Adults,All people,All people,All areas,,Cardiac arrests,Non-paramedic witnessed,Total adult VF/VT cardiac arrests,,,CAA (unpublished),no.,SA,143
